0.000000000000000000e+00
0.000000000000000000e+00
0.000000000000000000e+00
1.052670499099449611e-03
-8.264225767045486198e-03
3.371154437422092375e-04
0.000000000000000000e+00
0.000000000000000000e+00
0.000000000000000000e+00
-1.546054988074194994e-03
-1.595613384167383735e-03
-6.904965266323841557e-04
8.327219003802825096e-04
-1.805674539120129783e-03
1.803257192037400038e-03
1.412809098348861720e-03
-2.891673240121709395e-03
2.813038975853602262e-03
1.231457988629176825e-03
-8.618165705501322840e-03
1.975307536047956388e-03
9.347913484088689502e-04
-1.464541630058253593e-03
1.368846025000380190e-03
0.000000000000000000e+00
0.000000000000000000e+00
0.000000000000000000e+00
1.828940115382810764e-03
-1.623089313106756103e-03
1.787871464851137468e-04
0.000000000000000000e+00
0.000000000000000000e+00
0.000000000000000000e+00
-8.677935669015615595e-04
-7.953920693200482867e-03
-6.355118479775941293e-05
0.000000000000000000e+00
0.000000000000000000e+00
0.000000000000000000e+00
1.547559771107062535e-03
-1.566406097507971537e-03
-5.867720570111169091e-04
0.000000000000000000e+00
0.000000000000000000e+00
0.000000000000000000e+00
-1.246762138187034949e-03
-8.035125281102539416e-03
4.682136727522834448e-04
0.000000000000000000e+00
0.000000000000000000e+00
0.000000000000000000e+00
-1.651833393742109567e-03
-1.619304181921409590e-03
-1.637392281203622934e-04
0.000000000000000000e+00
0.000000000000000000e+00
0.000000000000000000e+00
1.218109416454051571e-03
-7.495187428973575788e-03
4.289094942352301981e-05
0.000000000000000000e+00
0.000000000000000000e+00
0.000000000000000000e+00
1.282011905362787779e-03
-7.289952198829279147e-03
-1.799191724713580603e-04
-1.649783759846546079e-03
-1.616151117907807999e-03
8.530127103309592521e-05
-1.700584787932740748e-03
-1.671138562830454298e-03
-4.592609417737820239e-04
1.173794568510108487e-03
-8.158373889619850022e-03
1.571767230441917674e-04
0.000000000000000000e+00
0.000000000000000000e+00
0.000000000000000000e+00
-8.393585722266945319e-04
-7.751512901672873851e-03
-3.514938853161738092e-04
1.634349735964876933e-03
-1.602543603825531786e-03
6.576434685178180395e-04
0.000000000000000000e+00
0.000000000000000000e+00
0.000000000000000000e+00
1.544490651543842892e-03
-1.710846753610885743e-03
-9.467027295371159426e-04
2.870303115393530932e-03
-2.911909498278794813e-03
-1.451934461239581895e-03
-1.087386633664893208e-03
-7.924042559872749789e-03
4.995082537807564622e-04
-3.132297014189370631e-03
-2.940097150298630335e-03
1.537594234069191272e-05
0.000000000000000000e+00
0.000000000000000000e+00
0.000000000000000000e+00
-9.981534763102721444e-04
-7.794606867236888136e-03
1.364772359190268014e-04
1.768321677860912365e-03
-1.616839721847628669e-03
-8.045422073105380897e-05
-8.243497879132051032e-04
-7.751184006521205823e-03
-1.683248208134328981e-04
3.438557530352515448e-03
-2.911720287138772414e-03
5.470798584944042663e-04
1.839161556795829242e-03
-1.656501853617741707e-03
4.983917857275095781e-04
-1.137420923310899189e-03
-8.249362560992691204e-03
2.633738795073021794e-04
1.734434669919408985e-03
-1.651087182042545402e-03
-3.693626213325778142e-04
0.000000000000000000e+00
0.000000000000000000e+00
0.000000000000000000e+00
9.555183894952618169e-04
-7.744067862825697486e-03
-6.738860214703674273e-04
-1.266184864934646534e-03
-1.527802183878507452e-03
1.039482817427076758e-03
0.000000000000000000e+00
0.000000000000000000e+00
0.000000000000000000e+00
0.000000000000000000e+00
0.000000000000000000e+00
0.000000000000000000e+00
-9.117190663179346134e-04
-8.024897118480799410e-03
6.249405609779836194e-04
0.000000000000000000e+00
0.000000000000000000e+00
0.000000000000000000e+00
1.274130409614668627e-03
-1.558761108816192472e-03
-1.055203709529833325e-03
-3.139640480185717543e-03
-2.945896529301749497e-03
4.300831772976711144e-04
9.686011840011610197e-04
-5.917046039741237669e-03
-1.709433962012998562e-04
-1.687157630257508402e-03
-1.669777533676641617e-03
3.871152263589350100e-04
0.000000000000000000e+00
0.000000000000000000e+00
0.000000000000000000e+00
-1.293387072659598833e-03
-1.575993921864456658e-03
-1.046759400650974607e-03
0.000000000000000000e+00
0.000000000000000000e+00
0.000000000000000000e+00
7.894571917282727173e-04
-7.692887051333308079e-03
5.775559855780042955e-04
-7.626847725445902752e-04
-6.900533884832107251e-03
-4.698192024163887811e-04
2.995912534483871972e-03
-2.932776641310965056e-03
1.527120628889981407e-03
1.624190444520656144e-03
-1.712701306910210637e-03
9.834440113039540684e-04
2.646665434618804356e-03
-2.936405094104023623e-03
-1.921710602089231855e-03
-1.573092458317534642e-03
-1.701592518101976070e-03
9.306846534578735140e-04
0.000000000000000000e+00
0.000000000000000000e+00
0.000000000000000000e+00
1.052027596879932065e-03
-7.673964688230451928e-03
-5.464504050294677296e-04
9.450356449730376454e-04
-7.602287876576459963e-03
4.319472648166913786e-04
-1.593464106202689169e-03
-1.740241316932665885e-03
-9.552195484015618904e-04
0.000000000000000000e+00
0.000000000000000000e+00
0.000000000000000000e+00
1.297457106081331126e-03
-1.535685361452220760e-03
1.086778357197177268e-03
-7.873377233021825123e-04
-6.840658778404822699e-03
-5.795384690076203858e-04
0.000000000000000000e+00
0.000000000000000000e+00
0.000000000000000000e+00
-3.178000360760430913e-03
-2.981694712824443580e-03
9.244455862176940465e-04
6.987009378502120026e-04
-6.118867512295114372e-03
-3.168503334987841751e-04
-1.605840130440501588e-03
-1.584214590740015086e-03
6.135417813397069098e-04
0.000000000000000000e+00
0.000000000000000000e+00
0.000000000000000000e+00
-2.614388782363259722e-03
-2.908537806688240180e-03
1.893777061714081895e-03
-7.943611774615856212e-04
-7.773389250015547668e-03
-8.073621680091633843e-04
2.287126387537197214e-03
-2.923430272843814681e-03
2.326892733540383059e-03
1.290636522672495949e-03
-1.756936383244597256e-03
1.418223927264033275e-03
0.000000000000000000e+00
0.000000000000000000e+00
0.000000000000000000e+00
1.246598076694837133e-03
-1.792625288794094055e-03
-1.444987555743398574e-03
-7.480998261963912573e-04
-6.852871886563994056e-03
6.478553245972350737e-04
2.278393670901263015e-03
-2.947270744191309369e-03
-2.360607870105249379e-03
0.000000000000000000e+00
0.000000000000000000e+00
0.000000000000000000e+00
-6.716884322462259374e-04
-7.748269198574183475e-03
-8.909300763558236375e-04
2.662305033481462621e-03
-2.929597906456578998e-03
1.962831507853653613e-03
-1.263666308620486033e-03
-1.782136581901590418e-03
1.424704083928464166e-03
7.549304019514322187e-04
-6.741654929170635101e-03
-6.903566694886426264e-04
-2.279326188654847742e-03
-2.945511791193749455e-03
2.328907970351715064e-03
0.000000000000000000e+00
0.000000000000000000e+00
0.000000000000000000e+00
9.033002376002637925e-04
-1.516579104517019709e-03
-1.364294906259159784e-03
0.000000000000000000e+00
0.000000000000000000e+00
0.000000000000000000e+00
-6.279570700640975953e-04
-6.889408389386389962e-03
8.171467318806200589e-04
0.000000000000000000e+00
0.000000000000000000e+00
0.000000000000000000e+00
6.043245255456831944e-04
-6.755842510272933032e-03
-8.333452422774620741e-04
0.000000000000000000e+00
0.000000000000000000e+00
0.000000000000000000e+00
-9.274073791542951925e-04
-1.501105866680802836e-03
1.348006286546906763e-03
-1.278322397799371490e-03
-1.834922526985797997e-03
-1.430271131824902009e-03
-2.332484433033480287e-03
-3.008792771945478176e-03
-2.373740145110366916e-03
5.448399568430205937e-04
-5.874293902719204992e-03
5.725567581922157145e-04
1.348025209749378764e-03
-2.837615928452547759e-02
-1.166639737655647633e-03
1.232694353112879322e-03
-2.669266016535030289e-02
-1.511902668557736380e-03
-8.199621208782825700e-04
-3.082420733312061373e-02
8.470384311227027946e-04
1.013239546824264451e-03
-3.498503752972937503e-02
-9.662274630204118918e-04
-2.179628429562886424e-03
-9.764006047206652203e-03
3.986295962554181485e-04
3.042955678564408187e-03
-2.922299742491822963e-03
-1.013984640913281974e-03
2.047688403325925808e-03
-1.117331296252865348e-02
-5.904473112864380528e-04
3.282028224748343836e-03
-2.921122971739726834e-03
-5.294552658194024786e-04
-2.025567220884772531e-03
-9.572342048956711258e-03
1.072706983752216744e-04
-3.116338900476309584e-03
-2.937359966289381907e-03
-1.031152667485156797e-03
-3.176803410440837312e-03
-2.935153471416570084e-03
-5.005220383499678306e-04
-2.059902478161633726e-03
-1.141897777687596316e-02
-5.049526562296468212e-04
-2.967261480684350514e-03
-2.968775611888390537e-03
-1.483308416054540451e-03
-1.953205492227509579e-03
-1.057936542126271771e-02
-1.219919918207867243e-03
-2.697391638233506347e-03
-2.948572905498270981e-03
-1.930662192511512030e-03
2.368480949836324241e-03
-1.095748527778343286e-02
6.364668240035474978e-04
3.275660817729772467e-03
-2.948217778628392169e-03
1.012980470728192233e-03
1.802643341265338294e-03
-1.104503702984468809e-02
-1.106491424871981159e-03
-1.968678015767490359e-03
-1.129660131601756962e-02
-1.064712575552586595e-04
1.929706046554997487e-03
-2.878286432354059537e-03
2.655379483282174075e-03
3.401228448534774490e-03
-2.925492891250650995e-03
-3.634500319711255606e-05
2.535028078210844853e-03
-1.110783454193615093e-02
1.701626351966703966e-04
2.424670586502057721e-03
-1.139308333556858163e-02
-2.234488105347830959e-04
-1.739940921214651152e-03
-1.092467182323024998e-02
1.048240021257920533e-03
-2.870338900819980298e-03
-2.937989223878306310e-03
1.526696245510304056e-03
0.000000000000000000e+00
0.000000000000000000e+00
0.000000000000000000e+00
5.007785124120843435e-04
-1.460270943979615453e-03
1.590836756280998967e-03
0.000000000000000000e+00
0.000000000000000000e+00
0.000000000000000000e+00
-4.246217690841451366e-04
-8.233300025121922591e-03
-1.093450293184771750e-03
1.949074363288540168e-03
-9.362816327096460528e-03
1.262774597418065466e-03
0.000000000000000000e+00
0.000000000000000000e+00
0.000000000000000000e+00
4.573687416410800806e-04
-1.493177699721051112e-03
-1.512059571148614357e-03
-4.075684204369745944e-04
-8.024917208902327195e-03
1.173199659296239117e-03
0.000000000000000000e+00
0.000000000000000000e+00
0.000000000000000000e+00
1.433083309217516753e-03
-2.942764322882745337e-03
-2.864537119746496038e-03
-5.734973161794570343e-04
-8.053961811799938142e-03
1.036149569125503767e-03
8.323136100910916851e-04
-1.852845758272670664e-03
-1.759435625664985264e-03
1.881176797853789358e-03
-1.087303639266340438e-02
-7.196332699034667770e-04
2.321315783398836263e-03
-9.573519674523550682e-03
9.146029782783886720e-04
-7.637290546944467719e-04
-3.130423241538404094e-02
8.847832451763503478e-04
-2.073228869703161361e-03
-1.058009122119643423e-02
-9.086480389964035100e-04
-5.934066752332659922e-04
-8.226756293343420734e-03
-1.156040232824473999e-03
-8.969259531841817807e-04
-1.534879467732237334e-03
-1.336872623564496713e-03
5.636471128271065096e-04
-7.671340309075140931e-03
1.115614285422222114e-03
-1.359752935067543890e-03
-2.963063717619114027e-03
-2.757617530224854875e-03
-8.212745902250938269e-04
-1.841506414193890039e-03
-1.708988569767775972e-03
-3.726564003899548788e-04
-4.241852405049853503e-02
-7.430243173470692025e-04
3.828833687290470649e-04
-4.373677570802702447e-02
7.736140692880792312e-04
-6.697416877430186594e-05
-4.279090554822796710e-02
-7.113262359277489890e-04
-1.870524618012824329e-04
-4.571392797230799943e-02
-4.219172711586265914e-04
-1.843703325931314412e-03
-3.002489533545460096e-03
-2.647370665328357096e-03
-1.535483254069034721e-03
-9.100829601367458818e-03
-1.849584767146154364e-03
2.070430880797960503e-04
-4.803267538682532561e-02
4.731220288284390132e-04
-5.646390009382767585e-05
-4.712578838273870363e-02
-1.793082281172111948e-04
2.628802517329375046e-04
-4.614942992215737005e-02
6.874329505856844680e-04
9.662836806806232668e-05
-4.619061025242413715e-02
7.737040483349092671e-04
-2.057250760429701463e-03
-1.108917978569541433e-02
7.591528144832885650e-04
-9.776384604361170426e-04
-1.607472652231472371e-02
-1.491426428081058572e-03
-7.402951749050731443e-04
-1.610328267713273531e-02
-1.667014106618364610e-03
7.668305225741025091e-04
-1.409665517935860049e-02
1.587683872913988594e-03
0.000000000000000000e+00
0.000000000000000000e+00
0.000000000000000000e+00
4.691127529104380332e-04
-7.737134047842385981e-03
1.238259731958082921e-03
0.000000000000000000e+00
0.000000000000000000e+00
0.000000000000000000e+00
-4.329524879325247991e-04
-1.499180240866983824e-03
-1.459390931008089712e-03
1.842073034499717814e-03
-2.979564466511477536e-03
-2.672294893765093157e-03
1.295405388134317887e-04
-4.534677347613680354e-02
-4.907779913743886896e-04
9.360260489124938327e-05
-4.641636328626139174e-02
7.983350463166420967e-04
3.051563500628174077e-05
-4.782020201197355325e-02
-8.457117968033659578e-05
1.447116974939316805e-03
-1.008138953783140231e-02
-1.684767154095593916e-03
-3.021855654974411453e-04
-1.891269429201680383e-03
2.036809979916892523e-03
4.151709248469975805e-05
-7.969573390945731278e-03
-1.281775512211207231e-03
2.633598555406763456e-04
-7.980502953896939297e-03
-1.243143247857825782e-03
0.000000000000000000e+00
0.000000000000000000e+00
0.000000000000000000e+00
7.438411850604940241e-04
-3.749101454173413978e-02
1.023183966361219553e-03
-7.600222599878252768e-04
-4.033108495784766545e-02
-6.562398791060885736e-04
5.072105501320670886e-04
-4.259295641697496970e-02
8.263886751556826123e-04
7.485041457216368935e-04
-3.991832042096999517e-02
7.050510083331960540e-04
1.916870599161957938e-04
-4.617662536580669635e-02
-3.372700017719431893e-04
-1.786020014841712203e-04
-4.517215836012448971e-02
7.951712999339840150e-04
-4.206042957176975591e-06
-4.766635711396496888e-02
5.661672365527556979e-04
0.000000000000000000e+00
0.000000000000000000e+00
0.000000000000000000e+00
4.592847235956119931e-04
-5.744788512620419875e-03
7.671752540110636336e-04
0.000000000000000000e+00
0.000000000000000000e+00
0.000000000000000000e+00
1.584087212761894990e-03
-1.152252234066516307e-02
1.310775585846108739e-03
1.293960958970249812e-03
-1.141739483663773910e-02
1.583371139516582832e-03
-1.837530461178083765e-03
-2.965116499027327119e-03
2.632019769709369357e-03
2.004964714035926539e-05
-3.835968115890992652e-02
-1.091306439740409888e-03
3.861167442477065823e-04
-3.962041745954427568e-02
1.051289846027125916e-03
-4.166742806510746614e-04
-3.861148304434323247e-02
-1.114081812896002086e-03
7.916411006439724230e-05
-4.288972810531482827e-02
9.696332253558107451e-04
2.033715519207316259e-04
-4.170474161390336915e-02
-7.953864739814614244e-04
3.878524742560848695e-04
-4.652784917500960016e-02
6.256301895582725738e-04
9.748670316341821740e-04
-3.120524752809918437e-02
1.360123166038718773e-03
1.276821472462765991e-03
-2.719938007967622265e-02
1.128188454855680919e-03
1.112213692200585396e-03
-2.405090323121322413e-02
1.381054676317260057e-03
-9.999985593427797650e-04
-2.825361523808918307e-02
-8.869812243977591741e-04
-1.396988677028138679e-03
-2.022568309580474039e-02
-1.382682008879950906e-03
-1.441458201728272820e-03
-2.495076711629495153e-02
-1.358477157570453292e-03
1.011604053106669818e-03
-2.447944898593143459e-02
7.525843675293000063e-04
8.426850201986833561e-04
-2.711367956441141508e-02
9.197975718038613972e-04
-1.557248808325898589e-05
-4.327795009099633800e-02
9.477456268578332739e-04
-1.038123573439589902e-04
-4.455975341895259539e-02
-4.445066536551117026e-04
2.376605714966099350e-04
-4.374304566948627321e-02
9.625815491995231036e-04
-1.344326452532458843e-03
-1.129170072128257880e-02
1.522191417671969922e-03
-1.718970798166936573e-04
-4.744703302772563386e-02
-1.302605689664434688e-06
-3.192998086020935877e-04
-4.492324808565605759e-02
-3.319542530954705528e-04
4.569064762185123568e-04
-2.930881959383463495e-03
3.237986948663651530e-03
6.845374112481059992e-05
-1.159183216108002068e-02
2.200030178852372970e-03
-8.457044567528512725e-05
-2.920171566583228736e-03
3.155121882928841465e-03
-4.891734414854899984e-05
-6.585987127528157917e-03
-1.012583043417834925e-03
6.214106948032232852e-04
-3.902984720996234558e-02
-7.008792171998514840e-04
-5.357178172652023521e-04
-3.802168085403460213e-02
1.280401694510366773e-03
8.798977948888290568e-04
-3.867225851523178187e-02
-6.181343383766042983e-04
7.735599007589525049e-04
-3.316871203736269924e-02
-8.513535424684135107e-04
-2.333253366012888810e-04
-7.544834734346510946e-03
1.216080506724006964e-03
9.896615245653772163e-04
-3.416507313778376770e-02
9.249634964371143990e-04
1.022808064047475490e-03
-3.589277625548419753e-02
5.634998210228106845e-04
-1.091634167593631428e-03
-3.739984271724155346e-02
-5.920089491158611952e-04
2.343014899825367680e-04
-4.826363393018567177e-02
3.903018165766385713e-05
2.916833057346807353e-05
-4.858217220165606670e-02
2.512649204891051979e-04
1.556401891500506238e-04
-4.835335614394504350e-02
4.358963010288308387e-04
-1.610514897057586372e-03
-1.116922384239126681e-02
1.271488389319789603e-03
6.600690225327441154e-04
-4.643578304814698077e-02
-1.425305449812938228e-04
-1.244476362106848848e-03
-3.071299514276330106e-02
-1.084328852342538200e-03
3.410997191759890333e-04
-4.697560114978512752e-02
3.407849210405785039e-04
-5.259810976104423164e-04
-4.647412379016020029e-02
8.993767639722029735e-06
5.332383997983933992e-04
-4.433657574918642430e-02
5.591005672367035549e-04
5.879997452227860065e-04
-4.750473151650100312e-02
2.569270856896223375e-04
-2.473462113707264906e-04
-4.745902382456296253e-02
5.805719470670261430e-04
-2.059505163691896675e-04
-6.682348650495537057e-03
-9.188161842582060574e-04
9.996481629418226943e-04
-2.909805014535934639e-03
3.128805914757598790e-03
5.026982648158004633e-04
-1.158859135846294908e-02
2.116959562540699207e-03
2.653226161939676686e-04
-4.277389487217747588e-02
-6.852785396287772038e-04
-2.351454281180006308e-04
-4.126064958746621797e-02
1.139047980507362822e-03
0.000000000000000000e+00
0.000000000000000000e+00
0.000000000000000000e+00
1.080178880711155803e-04
-7.511173369366051095e-03
1.378551825183803661e-03
2.754491229374389136e-04
-7.519287030983767134e-03
1.327835750387253719e-03
-2.832869609305544182e-04
-1.935891836020635446e-03
-1.902507375156911726e-03
-1.176553909392336604e-04
-4.044707597518962250e-02
-9.180169126392190944e-04
-1.124422677624355204e-04
-3.862535443226792348e-02
1.315561595966571696e-03
1.877084836316210512e-04
-3.991966617057904343e-02
1.243862219698537016e-03
3.002454197132383221e-04
-3.649574951254049709e-02
-1.282357218799068518e-03
-3.371669240949856086e-04
-3.520377168108954069e-02
1.095646971400215724e-03
6.167346983440265620e-04
-3.087968475730434523e-02
-1.563877410650080756e-03
4.711526821246585337e-04
-3.895610639996401753e-02
-9.760110775443517350e-04
2.419734813200682022e-04
-4.671590113239406511e-02
-1.969762775661879355e-04
3.582789450530540027e-04
-4.356070422774058898e-02
-5.412238752472497494e-04
-1.956796764596253836e-04
-4.475489841072344960e-02
8.572567966969093243e-04
1.423877872732093666e-03
-2.103621009966060926e-02
-1.441661126986575666e-03
-8.310189959124680446e-04
-2.542348148071744973e-02
8.503666401836788239e-04
-9.425899546819803583e-04
-2.456824830894452708e-02
8.090455091360192500e-04
-2.029360476644039956e-04
-4.823461535963866065e-02
1.982155717556866720e-04
1.128133707007279458e-03
-3.196993759733395002e-02
-8.514535664876177277e-04
-8.273077294076105906e-04
-3.395472109629685958e-02
1.269736010275764222e-03
7.847825929363162929e-04
-1.161211111198230499e-02
-1.902119347880892571e-03
1.175762894874313440e-03
-1.162769601297846019e-02
-1.763663352998417339e-03
1.123780869578953337e-03
-3.467145611984646242e-02
-7.099262016374980862e-05
-1.344193933456422005e-03
-3.888554973706903617e-02
2.636741441091062501e-04
-1.576094614473319338e-03
-3.191311115244558488e-02
2.791793347927147150e-04
-1.589603254421380427e-03
-3.356632560476751487e-02
-1.300197175110642789e-04
2.139418334822021373e-04
-4.819475051962943124e-02
1.547763485170300108e-04
1.179780060755124737e-03
-3.741811176364813474e-02
-4.985975497820521697e-04
9.269450921624974513e-04
-4.297822501042719567e-02
-2.184832977482694554e-04
1.232684238883909348e-03
-4.110807826877121984e-02
-1.988370551117882822e-04
-6.910555940927332226e-04
-3.931429436382857801e-02
6.795090267801234905e-04
1.279247973979404790e-03
-2.951183397832863459e-02
8.417192936159050226e-04
-1.209374090334648872e-03
-3.109630159545204858e-02
-7.356190134207067849e-04
1.508707448566013083e-03
-1.512956055756909529e-02
-1.007529655414077675e-03
-1.448978547748543209e-03
-2.601614247619846165e-02
-1.072982037849300619e-03
1.233876215820870793e-03
-2.881339477422481532e-02
6.563729244635704840e-04
7.997399862027377952e-04
-3.986684059987498363e-02
-4.565587651375925277e-04
6.960268332451757453e-04
-4.293360759483361155e-02
-1.452382600410563227e-04
-9.888389950771403914e-04
-4.059281406232870260e-02
6.959245744547048335e-04
8.862377681594263727e-04
-3.824759843572680951e-02
-2.273769255971696017e-04
-6.864920464369706149e-05
-7.513175208383306679e-03
1.236235635599917991e-03
2.931931276560484616e-04
-1.924903371520376039e-03
-1.990297704849837597e-03
0.000000000000000000e+00
0.000000000000000000e+00
0.000000000000000000e+00
-1.390656532245347068e-03
-3.305751961276644918e-02
-5.510614793716319499e-04
1.307942154753953447e-03
-3.024923111919718480e-02
3.831907582454842994e-04
-8.921345860848077947e-04
-3.488740245107984500e-02
-8.710718165786086138e-04
-6.145908354110262003e-04
-4.650734161182110138e-02
3.355163511880502702e-04
5.858000164465666923e-04
-3.960682386814757400e-02
9.040509166625368843e-04
-6.913969372296329243e-04
-3.785319369302043296e-02
-1.001328386040691498e-03
8.460119952756264827e-04
-3.300492472296082808e-02
-1.317938523303974208e-03
8.539719076635249881e-04
-2.702403927965593353e-02
1.581860676023684117e-03
-7.157894669052669318e-04
-3.106987317605029719e-02
-8.907225417574239027e-04
7.871216520129657550e-04
-3.385197027008294418e-02
1.369624218509742910e-03
-3.766758623346625335e-04
-4.289435394853907679e-02
9.690389053698550154e-04
9.250683395686351736e-04
-2.951321282006300062e-03
-3.017554968650347415e-03
-5.009589669984990936e-04
-4.467774432241407301e-02
-3.958952290425619383e-04
9.098157069662902129e-04
-2.387335748178113365e-02
-1.715248568040367728e-03
-6.716326847734654937e-04
-2.521760425677365899e-02
9.857554574099203215e-04
-5.410845567269528941e-04
-3.065432777685995341e-02
1.067831391568466442e-03
9.907806486130960912e-04
-3.201028543878779720e-02
7.976188754612598478e-04
-3.865537983277806018e-04
-4.118521906467242921e-02
-7.680175105489114862e-04
5.065497579731557216e-04
-3.940396159781425767e-02
1.103674606234663833e-03
2.485919462240727203e-04
-1.974745359929733907e-02
1.597983435298554883e-03
-2.080170736924191483e-04
-1.295939727832656242e-02
-1.485986022095188647e-03
7.765207376346358256e-04
-4.081890053980813393e-02
3.446399259980758439e-04
-8.996660371237404173e-04
-4.283941718301707141e-02
-2.952253781309125205e-04
1.322552804624067303e-03
-1.481722705968221455e-02
8.881378316749814848e-04
4.709950481587541919e-05
-3.242550481079310015e-02
-1.537532995455230707e-03
-2.809413494325015354e-04
-3.353080278956617477e-02
-1.385675967819341870e-03
2.255323412447229848e-04
-3.393126893892269708e-02
1.205553974781292193e-03
4.786456552028611863e-04
-3.467273117921183118e-02
1.012056113946805010e-03
-1.003639861193926898e-03
-4.369313939707147876e-02
2.940518643439998911e-05
7.740466370415709924e-04
-4.039502689254736989e-02
1.628576659587582754e-04
-1.223385902543083249e-03
-3.923599209091702122e-02
-2.628798088252787680e-04
1.534922762141116039e-03
-1.587698506964162898e-02
7.017203334103741487e-04
-1.548142890779833974e-03
-1.778403092746940958e-02
-8.412829210659183597e-04
1.477078986318111327e-03
-2.247702838864731878e-02
9.518050427181380668e-04
-5.371247048793125140e-04
-3.321474521621427950e-02
-1.031615253376157127e-03
3.740935848472227185e-04
-3.508741445421865307e-02
1.504420328794074668e-03
6.363083221037452945e-04
-2.921813451970212139e-02
1.750811290753121786e-03
1.569916038352550496e-03
-2.328472899449130981e-02
6.244696883021091027e-04
-1.450967311829384852e-03
-2.583012833661639529e-02
-6.544323671963852077e-04
-1.417897125874357210e-04
-4.752579722022917674e-02
3.283573606972759623e-04
-8.487066071992351891e-04
-2.440618387295380443e-02
-1.159494596617785403e-03
9.853697560778717970e-04
-3.599846071781147294e-02
2.689750762937537774e-04
8.767375346494529027e-04
-4.525257002419594277e-02
4.078003302442805358e-04
7.518131322218346568e-04
-4.318726199319292136e-02
7.544959826055684096e-04
-1.951777453349911240e-03
-9.208736329012579686e-03
-1.585507645852655967e-03
-9.422840601440552561e-04
-4.302589754235225383e-02
5.187035218505254902e-04
-8.548960492088278308e-04
-1.832751654591017760e-03
1.793413440417347335e-03
4.638889857814754657e-04
-5.432902771980817683e-03
-7.415351213441094373e-04
-1.422995898697326442e-03
-2.953190938301751035e-03
2.885413093376553318e-03
1.767641037630716385e-03
-1.004221667765801615e-02
-1.471066599050652006e-03
-6.556929514269406326e-04
-3.927139637087273538e-02
9.062184499492820190e-04
1.970002289276942455e-03
-1.862333234391520820e-02
4.224486060638389987e-04
2.016464798745668061e-03
-1.969566320392334216e-02
3.827379321949565940e-05
-1.317844005740312179e-03
-1.561401100123447488e-02
-2.570513492984430911e-04
-1.617476802799695497e-03
-2.687555966568599963e-02
-4.512275687760680816e-04
1.689552618256587833e-03
-2.329881382772220830e-02
2.382220197415796923e-04
-1.263594362755114187e-03
-2.353144718536843635e-02
-8.620061022136246221e-04
1.310676217804612872e-03
-1.980419200434536953e-02
1.180852350244103281e-03
0.000000000000000000e+00
0.000000000000000000e+00
0.000000000000000000e+00
-1.332852012327264031e-03
-1.498785278339527863e-02
-4.349120053529741126e-04
6.092186652021437145e-04
-4.026992367404925999e-02
-6.718143293128579774e-04
-5.437576729037788860e-04
-3.656743750955714772e-02
1.080543302726584684e-03
1.501798777135276855e-03
-2.207409642427806198e-02
-1.195575416736657272e-03
-9.690337993938456101e-04
-2.847688841235998525e-02
-1.487227503038768446e-03
-5.816475750694902061e-04
-2.860170988545423024e-02
-1.576798141175319180e-03
5.549846637128379558e-04
-2.604167737133660995e-02
1.132149950336704559e-03
-8.068475474870744155e-04
-2.267810735800833422e-02
-1.697033443380283795e-03
1.905949801550777022e-03
-1.471559786110214312e-02
-1.108090786808390546e-04
1.834496976709244212e-03
-1.588246176958095154e-02
2.116819372726858365e-04
-1.413072892890799518e-03
-2.695047222771877055e-02
-1.182482021658184251e-04
1.702056078732045374e-03
-2.637982504706059064e-02
-4.025152162089284643e-05
1.687321255086434704e-03
-2.581377487508258739e-02
2.146932182270876177e-04
1.645678814103951381e-03
-3.227782560087466557e-02
1.199960488835985386e-04
1.127437582537532115e-03
-4.089108344244785087e-02
6.725871324929832626e-04
-5.389184999401899333e-04
-4.248755542960732517e-02
-1.818271897134979959e-04
-6.308808706310744000e-04
-4.098838294708076480e-02
-5.920119563742567330e-04
-8.602937337044401240e-04
-3.761711632434883157e-02
-4.958575622351404357e-04
0.000000000000000000e+00
0.000000000000000000e+00
0.000000000000000000e+00
-3.706998997109463658e-05
-1.464910396064386840e-03
1.617293362573626620e-03
-1.661480581773441606e-03
-1.920591104325094015e-02
-5.671072569038570913e-04
-1.255076653376557654e-03
-2.704668681439291456e-02
-1.464048786677314131e-03
-1.665797499403023603e-03
-1.953372997798797153e-02
-2.458002617921460783e-04
-1.660546576974552060e-03
-2.643379433712829754e-02
-1.265587134979516527e-05
6.237199809920963758e-04
-4.356255089763634569e-02
-4.074118416811849737e-04
-6.427701796077993097e-04
-3.717343908614800102e-02
-8.751707945726838918e-04
7.099652042204972939e-04
-3.402327522569103396e-02
9.557183883440040217e-04
9.138133783608957559e-04
-3.812600938997699751e-02
8.131517559859324047e-04
-1.494735760577628513e-03
-1.875360622510817768e-02
6.805027889112701166e-04
1.428570162177779119e-03
-1.384786058957355494e-02
-7.696140053544823275e-04
1.441588248349745440e-04
-3.468960680827160720e-02
1.551918336445671023e-03
-1.616886326108632173e-04
-3.264027346192708429e-02
1.671059109676775387e-03
-6.361242715632624745e-05
-3.460633144624956914e-02
-1.110858756098475437e-03
9.011745585680579380e-04
-8.618460241454219128e-03
2.115602745516067997e-03
-6.711900919048330305e-04
-3.403305306799580404e-02
-1.288256338106469898e-03
-7.390414846790080428e-04
-1.124900205820166324e-02
-1.809764208966145767e-03
-8.715151642992844706e-04
-2.964530520330396334e-03
-2.900521925367624196e-03
6.247740550169054485e-06
-3.790467767060110710e-02
1.167405453961316937e-03
1.648683545765109934e-03
-1.610503105835373386e-02
4.380325463419959867e-04
-4.006913309066398744e-04
-3.582404582380118579e-02
1.434142411517124642e-03
-7.111655153007411358e-04
-3.205076354596691351e-02
1.575155255835855063e-03
-7.134122634437843309e-04
-1.084308733030024674e-02
1.885641350697424626e-03
-6.306349729158237851e-04
-1.842084508249514779e-02
1.368562281398688456e-03
-1.072133156708926288e-03
-1.092232745022810037e-02
1.830829901205487803e-03
6.985818504343954162e-04
-1.052767200452043618e-02
-1.368459337752568573e-03
-4.860064395514115260e-04
-1.564778048184794351e-02
1.732206983805071286e-03
5.723074872186384617e-04
-9.630066345876604761e-03
-2.122437388954874406e-03
-1.096141966036315090e-03
-1.133467616498349574e-02
-1.677465378617868340e-03
-1.347079119145563582e-03
-1.546123309618773270e-02
3.344498881080472093e-05
-6.883906517406758463e-04
-1.931779562282411045e-02
-1.324567632489280153e-03
8.179681404876097987e-04
-1.509652406300596161e-02
1.693784717286545526e-03
1.552811980064925778e-03
-2.785535304329474215e-02
-2.018008514694878252e-04
-1.510387801460533761e-03
-2.590696712805761262e-02
4.285420536905154847e-04
1.238238306498836306e-03
-3.223813035082222916e-02
-4.095502149090400612e-04
1.677671069599214783e-03
-2.499252042049853947e-02
-5.448428447123877371e-04
-2.554895473420473295e-05
-1.509724791077214634e-03
-1.535509688997646269e-03
0.000000000000000000e+00
0.000000000000000000e+00
0.000000000000000000e+00
1.227281991796124599e-03
-3.535629357323283317e-02
6.870158398261987315e-04
-1.264755975881011636e-03
-3.153549322642556357e-02
-8.740300298884667342e-04
1.486766231652615969e-03
-3.112460195880928371e-02
5.166057248667366803e-04
-1.075843176469776447e-03
-3.296735961379151231e-02
-1.283982330676778142e-04
3.698225519282820600e-04
-4.642963723428280426e-02
4.341257002144655877e-05
5.088561788306019329e-04
-4.447536242996022460e-02
2.293201645099642515e-04
-1.007205508840753119e-03
-3.460952833932289668e-02
6.028306689353644032e-04
1.446844646968998638e-03
-3.639014826824769205e-02
-2.963625692578252240e-04
1.373097092843864313e-03
-3.193018247447358682e-02
-6.694728422048964837e-04
1.569407711940088573e-03
-3.081199325782922951e-02
-4.038024783825617885e-04
-1.038012810414733851e-03
-3.254668659493047816e-02
-1.177080712838109123e-03
1.571351286126748074e-03
-1.555509885280856319e-02
8.288956463278215154e-04
-1.282925368438649896e-03
-1.324363983544029656e-02
-9.698561137947148136e-04
1.252780932970216704e-03
-1.786960162807835553e-02
8.760086523601972805e-04
8.166088916467522264e-04
-1.223720011559397726e-02
-1.301285450552695962e-03
-8.730034414475538757e-04
-1.915079524861063032e-02
1.076423967840268612e-03
-6.121637354899771765e-04
-4.134413588572465048e-02
9.427458370669746955e-04
-2.561975072097656160e-04
-4.053937021453367373e-02
1.078889958039230606e-03
-1.518677810677618745e-03
-1.622027931236298681e-02
3.462725351863141102e-04
1.930958852097582144e-03
-1.941495258771536170e-02
-3.067658295700286322e-04
1.160184257399637280e-03
-3.392069281159305894e-02
-7.430806028794242468e-04
-1.342713287040120775e-03
-3.155486403253247862e-02
5.874512067677563560e-04
1.408005883310386140e-03
-2.728768860938060245e-02
-8.302091179392828441e-04
-1.298736818209310839e-03
-3.715730485074673906e-02
5.911125572182954592e-04
1.155652906246506509e-03
-1.673318888162686133e-02
-1.137735218644984675e-03
-1.228057978951519738e-03
-2.059622906919738802e-02
1.491268777613505075e-03
-1.242782395481094272e-03
-1.480621223429508075e-02
1.160964830772943501e-03
-1.096766959728792635e-03
-1.333506143338444166e-02
1.239460070807990935e-03
-1.422038189220593005e-03
-1.563708692712035761e-02
9.891203687933882056e-04
2.309874644618361411e-04
-3.739828644572232991e-02
-9.471681910518192984e-04
-8.228162383852261411e-04
-3.658748481072698205e-02
9.097437586708033387e-04
-1.436918284669192001e-03
-2.703561013338622379e-02
-4.306984421673891038e-04
-9.818488433986538762e-04
-3.562562214733663163e-02
7.226713611911813814e-04
5.381997332737621870e-04
-3.291006271781053705e-02
-1.034955514445395517e-03
1.540348469932665892e-03
-2.418511673732099548e-02
5.157110812517472697e-04
1.003641014216021801e-03
-1.936410378245034813e-02
9.668223585044497534e-04
1.525703717721123200e-03
-1.884458348856918319e-02
-7.307543769203942189e-04
-1.622945917752367578e-03
-1.625817398488643359e-02
8.395928257482955948e-04
-1.040270909514375095e-03
-2.988869270593827107e-02
7.429993788304898109e-04
-1.175672231705027996e-03
-1.503530864128755501e-02
-1.310127055896090614e-03
4.623762271030497644e-04
-4.410397376456595686e-02
-2.769793799137564927e-04
-6.279043986674548265e-04
-4.487962259253089337e-02
7.405684396663527380e-04
-1.348843777771039374e-03
-1.489647017072236006e-02
-1.316057646329845147e-03
1.145634484991292328e-03
-1.332992402733843874e-02
1.018599894417473485e-03
8.886144853403782655e-04
-1.120914908584909678e-02
1.152616759821948385e-03
-7.661259959102385960e-04
-1.562623888239954642e-02
1.600128038463864829e-03
-8.366113999052847937e-04
-3.493614496995700591e-02
8.756916290066718914e-04
-9.675118985807533174e-04
-3.576486021270176840e-02
-8.854533593013187535e-04
5.661695438586733129e-04
-2.666094517332482511e-02
-1.110150854371184112e-03
-1.455973895958101059e-03
-2.644495959045988984e-02
-6.952766960717047130e-04
-1.158876764643500734e-03
-3.283820308469103527e-02
-4.133433364284270443e-04
-1.038572995810006045e-03
-1.765706699831205706e-02
-1.375644511529370163e-03
-1.439412842149878581e-04
-2.712980614800693246e-02
1.893396873375488348e-03
4.169929360636095267e-04
-2.513505559690593777e-02
-1.186746654179206273e-03
8.799652282963013735e-05
-3.087981083196282561e-02
-1.102139022501924829e-03
3.796514944858064692e-05
-2.227973991679582655e-02
-1.348003535332226860e-03
3.690744321090853674e-05
-2.807255488528026532e-02
1.966663987850781649e-03
-2.530243099435362992e-04
-4.574517068538557635e-02
6.988730102246682547e-04
9.240631095204284579e-04
-1.994349520537527787e-02
1.638858361867055399e-03
7.390189007268920841e-04
-1.976461741439109257e-02
-1.290946991075386970e-03
1.401507807888118570e-03
-2.963198778523381052e-02
7.896329329149350462e-05
-4.578677708590718183e-04
-2.928966936615831629e-03
3.121770673884865718e-03
-4.377750445581981707e-04
-1.484130749388477225e-03
1.553005822102649508e-03
8.978681020486103557e-04
-1.862727603341168131e-02
-1.222413248746152684e-03
-3.064455952501641796e-04
-4.577134264726091806e-02
1.133831545762642863e-04
-4.775583895125382690e-04
-4.239414003140699189e-02
1.868422236251485885e-04
-8.050391354961976102e-04
-3.809447478316555641e-02
-3.734825759467089038e-05
1.304599946176466206e-03
-4.193873832431235099e-02
2.388419948292165086e-04
-2.499589206906046419e-04
-3.727931384911150475e-02
-1.004962973856810167e-03
-1.377652931569797257e-03
-2.138250733222568298e-02
-3.644146206151292994e-04
3.298476166719785385e-04
-1.618997835356460885e-02
-1.646199270985235002e-03
-2.907982506078629560e-04
-2.031729697053889436e-02
1.886354034865518267e-03
-5.593171169491178551e-04
-2.660099172566691983e-02
-1.067141476117978343e-03
-2.134251610577802551e-04
-3.079205969222788622e-02
-1.051040157673489329e-03
8.816271714375835920e-04
-4.504178958202868788e-02
8.488841386783600273e-05
-3.760240515155016932e-04
-4.501090061948231913e-02
4.446653014932441198e-04
-1.662055475191876201e-04
-2.071170489348514443e-02
-1.234181232564345379e-03
-1.996462763132574028e-05
-1.533886273964978932e-02
-1.600938497407064206e-03
9.665563363652389460e-05
-1.514193258750085903e-02
1.926151913512468439e-03
-4.311294680481590801e-05
-2.183472363415185982e-02
1.959342996804535383e-03
-1.390818101659063158e-03
-1.441719803625794716e-02
-6.884468704508017170e-04
-1.540360587859244306e-03
-2.435893593028111426e-02
2.955741956380442299e-04
1.937044016385523542e-03
-2.022450965977768203e-02
-2.785956176552778062e-04
2.961079654861760229e-04
-1.894310848887341458e-03
2.123206171563250463e-03
0.000000000000000000e+00
0.000000000000000000e+00
0.000000000000000000e+00
-2.078696423741350433e-04
-9.120798886473586650e-03
2.255502092887079046e-03
-2.633798457078318357e-04
-1.511175472347234608e-02
1.713846882612764981e-03
2.979691051143758956e-04
-1.571034508861272189e-02
-1.782962052080282276e-03
1.805747116475926034e-03
-1.844708068533279857e-02
-4.811370743020434927e-04
-1.643529885045240130e-03
-1.793515293926319434e-02
4.011102193928532092e-04
1.542573273770870548e-03
-2.059809094932358794e-02
-8.069476490327543231e-04
-1.615563375579794460e-03
-1.826528372957212168e-02
5.733630886534116846e-05
1.817019395006328657e-03
-2.257774425798973056e-02
-3.462721743488779618e-06
-1.157730437645859483e-03
-2.184764039311854616e-02
-1.054964028504197298e-03
1.148216928079658561e-03
-1.778409264817523358e-02
1.357220702031930763e-03
1.816726546052340992e-03
-1.338248396936311119e-02
-3.063730222231033241e-04
-1.556789224407714896e-03
-1.618534841323440374e-02
2.999184885200828769e-04
1.452407179255900882e-03
-1.173895681096532272e-02
-4.367076991193128885e-04
-5.057132759616280891e-04
-2.220463643040375759e-02
-1.670138705918100715e-03
1.494618177636604557e-04
-9.703074307015786826e-03
-2.154813062802777516e-03
-1.681692309182202774e-04
-1.474024931091854999e-02
1.781311012652283567e-03
-1.699532625094227374e-03
-1.615502242421838416e-02
6.364184995836105144e-04
-1.252575816492833543e-04
-2.719318305503432703e-02
-1.662166093675943165e-03
3.415240186324813593e-04
-3.049485306406232374e-02
1.200529035687796127e-03
1.472440048479656044e-03
-3.740718132863996015e-02
4.678630356843172661e-04
1.113617317362932280e-03
-1.875273744059006986e-02
-1.602653405774332428e-03
5.972000314474106356e-04
-3.034282231904693317e-02
1.038058663823832398e-03
9.390588824379127739e-04
-1.715299147843786509e-02
1.220800710639927296e-03
-1.239950041194634589e-03
-2.209779006644981697e-02
-1.530928890841888731e-03
-1.536492971900236051e-03
-2.011480266024937708e-02
-9.643691162417528454e-04
-1.459586391158804695e-03
-1.670568899642477581e-02
-1.079900071855703202e-03
-2.312941480821223818e-04
-8.301264721926967030e-03
-2.160060098120945068e-03
1.113793540006805189e-03
-1.303199817090601453e-02
-1.297473531660629960e-03
8.839297312703743191e-04
-1.744950263167091217e-02
-1.666424218003541118e-03
-4.571469038702679288e-04
-1.717844859896335355e-02
1.565122427928042782e-03
6.192083412880066426e-04
-2.566867281688897662e-02
-1.755880997481618598e-03
3.810119644942380041e-04
-2.685958199106706912e-02
-1.673853532723025951e-03
-2.915551112332971325e-04
-2.896328367916697552e-02
1.162090513317475286e-03
3.806338480199192732e-04
-3.184349107528781225e-02
-1.568396565309868040e-03
5.635954286597634607e-04
-1.538466826628024677e-02
1.836935485837475545e-03
5.276083064020053786e-04
-1.347805767461819453e-02
-1.658069751356553660e-03
3.633090755793492305e-04
-1.482824590487867057e-02
1.971511736551042390e-03
-2.704928686277256809e-04
-1.349552852443402368e-02
-1.599692651255440849e-03
1.728564746284419603e-03
-1.739016964267124307e-02
7.071837826694992064e-04
-1.244096763211473278e-03
-1.923553603874315898e-02
8.266774117798284969e-04
8.920005949196404584e-04
-1.342403984317081835e-02
1.476278099089691669e-03
-1.160297380911690665e-03
-2.952499090620801236e-02
8.669830119514119636e-04
1.341225139657325344e-03
-2.598613374823811190e-02
-7.937872565766578231e-04
-1.078437297531516584e-03
-2.889915112856860854e-02
1.243616394810982640e-03
-1.417366159760766881e-03
-2.285826166140862009e-02
1.043676917769698021e-03
8.774971618311563091e-04
-2.662843029172079490e-02
-9.809859481575376999e-04
-1.256095946570085159e-03
-1.444691101705309483e-02
-1.191855814319779270e-03
-4.770498159945555684e-04
-4.222789683903113017e-02
4.544763246431869435e-04
1.350213182498314485e-03
-2.238337137405320421e-02
6.865079881961909380e-04
1.621888246093659489e-03
-3.739287291222089665e-02
1.003949486746957335e-05
-1.120247831631931935e-03
-3.414830346887898216e-02
1.287269430846043478e-04
-1.014207779197249517e-03
-1.894534713534457016e-02
9.574125836834870016e-04
1.303352055432019461e-03
-1.447966132622573870e-02
-1.200906869467748732e-03
8.665425875804874786e-05
-2.517560267425407797e-02
1.431500088234568570e-03
-3.089940381836193961e-04
-2.238601267255248273e-02
1.405319366657502896e-03
1.767031887882458381e-03
-1.949985951717088731e-02
-5.267196185340083372e-04
5.910763767558955281e-04
-2.028097636250687785e-02
1.315552605564721195e-03
1.724539159048168709e-03
-2.550504194391244386e-02
-3.494221492648581263e-04
-1.271419257557532354e-03
-2.906205991231930116e-02
3.615842958294632745e-04
1.612167357385858174e-03
-3.199196914759292604e-02
-7.057635701934877339e-05
-1.004359564947297518e-03
-2.736420684910803591e-02
1.466011034401093873e-03
-1.431581352761677854e-03
-2.145398504581877419e-02
-1.270433587187312023e-04
-5.491089956679107240e-04
-4.267856286578723679e-02
6.912639698482656199e-04
4.580355277850514228e-04
-2.959928979456365964e-03
-3.075152448846003167e-03
-1.560344819050255103e-03
-1.937245524606998753e-02
-1.119287286826090933e-03
-7.084943326319332246e-04
-3.875461331643762636e-02
4.357461899858539652e-04
2.396841359933672201e-04
-2.177999007180869348e-02
2.137875478117817925e-03
-6.486598720285952188e-05
-2.737332430988481669e-02
-1.126015563581963825e-03
3.464700931153565523e-04
-2.910779254233109709e-02
1.867328674690772565e-03
-2.892885224409613818e-04
-2.402132584610920663e-02
-1.205703047641111568e-03
4.990370292217776935e-04
-2.324310539665540298e-02
1.285047568677113962e-03
1.068485200749377069e-03
-2.470519244676857434e-02
-8.858100320256962271e-04
3.506746420133905677e-04
-2.152995876138437403e-02
-1.769478625064038182e-03
8.014855089612930340e-04
-2.323793380617733897e-02
1.049476045149978732e-03
3.070797131437378886e-04
-2.738401934976806423e-02
1.329321892426216538e-03
-5.062629769613050936e-04
-8.345413773285870543e-03
-2.133467318332440271e-03
-4.736646151457743763e-04
-2.964247624442273646e-03
-2.969565736039673619e-03
1.723262270266091715e-04
-2.740063221398139626e-02
-1.666989653066169516e-03
-5.092111873779631761e-05
-3.203976308230304521e-02
1.212812257648430330e-03
-1.472491764361441796e-03
-2.097520161695064222e-02
-6.082094338562393093e-04
-1.454199374905729278e-03
-2.271291154295524209e-02
1.583175703965604376e-04
4.750082965955513040e-04
-2.248789991286754761e-02
2.058740742245978965e-03
1.288025953117546843e-03
-1.817293851741645302e-02
-9.558267081308472607e-04
-1.387245055438511262e-03
-2.207743898011338413e-02
1.355955665513093903e-03
-1.251465932034196132e-03
-2.471450983777915764e-02
7.569824201376859369e-04
-4.565563601482527977e-04
-1.682974621431151604e-02
-1.416429076044459657e-03
7.196467466908543307e-04
-2.255978961793111623e-02
1.808652977490591510e-03
-3.490734116296431689e-04
-3.093807969446215125e-02
1.712576474788597052e-03
3.165731332421514764e-04
-5.399284405150021893e-03
-8.321428444171202277e-04
-7.358800512263717316e-04
-2.696068629263010524e-02
1.695344548507468716e-03
-1.426546911270389984e-03
-2.305819799027732098e-02
5.150385571998310858e-04
-6.897389525063105488e-04
-3.882009431336164162e-02
1.842868846077427196e-04
-9.767600823216006194e-04
-1.473077473024329842e-02
1.439355422948440395e-03
6.157722886038252582e-06
-1.793308238771871774e-02
1.698702120114638356e-03
-5.259400099312354360e-04
-9.104776000849143860e-03
2.164285311844774563e-03
-1.396217711686887101e-03
-2.833456888894870379e-02
1.293334761887887348e-04
-9.581361219216128367e-04
-2.179423312090239540e-02
1.663218821585178741e-03
5.499675105811303822e-04
-1.842527477400178471e-02
-1.485150545420930827e-03
-2.022341172103611293e-04
-2.038033802811391876e-02
-1.732967096902491210e-03
9.416727907776657400e-05
-1.466719049556562682e-02
-1.670104643010782586e-03
6.192057984851837395e-04
-2.042937477269298960e-02
-1.783074803810182855e-03
5.372107415950400306e-04
-1.736639168421506840e-02
1.578469641955910835e-03
-6.363372775854379555e-05
-2.981285087190214001e-03
-3.065311578258052803e-03
1.088691032106667560e-04
-2.194013882451857286e-02
-1.852114385047115694e-03
-4.178891184790695557e-04
-1.484679166100701803e-02
-1.582478734502166130e-03
0.000000000000000000e+00
0.000000000000000000e+00
0.000000000000000000e+00
-5.886211847000306615e-04
-2.075626052286807730e-02
1.802846892354563165e-03
1.581652808745265650e-03
-2.519293008225123240e-02
-6.049489584165940355e-04
-1.200534971059272552e-03
-2.972916984971959997e-02
6.186505999865980505e-04
-1.040253674124768041e-03
-3.423726956563848817e-02
3.877174766525918418e-04
-4.866594117711775568e-04
-2.403623611920185574e-02
1.208319704856476804e-03
-1.400652637381118214e-03
-2.343053235877018067e-02
7.984651687125215395e-04
-9.291952934242157618e-04
-2.926913684330620987e-03
3.055778541669770549e-03
-4.223377085376400233e-04
-2.530095776345530137e-02
1.918870887020887985e-03
0.000000000000000000e+00
0.000000000000000000e+00
0.000000000000000000e+00
0.000000000000000000e+00
0.000000000000000000e+00
0.000000000000000000e+00
0.000000000000000000e+00
0.000000000000000000e+00
0.000000000000000000e+00
0.000000000000000000e+00
0.000000000000000000e+00
0.000000000000000000e+00
