3.397324562899340164e-03
-1.375576172844315131e-03
-3.275009543090862812e-03
2.144960058812908979e-03
-8.830276280205594805e-04
-1.770837572162893385e-03
1.633130772362385635e-03
-8.748691647726446544e-04
-1.828087027819321007e-03
-7.913041361410741610e-04
-1.072613761954597719e-02
1.177617763748966574e-03
2.105275592783237629e-03
-6.777562622987764020e-04
-1.336981714959889793e-03
3.860174293378294385e-03
-1.213934795226025501e-03
-2.795019838815766995e-03
-8.310414406954939057e-04
-1.083846613626531126e-02
8.169258341163628152e-04
-2.763721166596497247e-03
-1.061820932520384907e-03
6.283355699792982909e-04
-4.306675690082007422e-03
-1.667398203740180817e-03
8.238948215737100338e-04
-2.289644178002887137e-03
-7.709543058157047012e-04
1.140974888911925190e-04
-2.519097862160238257e-03
-1.065681246801538501e-02
4.055098993870091730e-04
-2.043340320190595652e-03
-1.069504061994512589e-03
-1.664161020932560311e-03
-3.687014606929404914e-03
-1.598449361958048003e-03
-2.593816826295568950e-03
1.675975962467601832e-03
-1.161824929081088642e-02
1.224176650064628643e-03
-2.044096986079204422e-03
-9.451345501222232007e-04
-1.180301123837119081e-03
-4.079432809856201221e-03
-1.596909732124728769e-03
-1.988317924202233269e-03
1.874482751662554696e-03
-1.213051588314571771e-02
9.289820671201090216e-04
-2.499520440907489205e-03
-1.058853021073336226e-03
-1.030210056555129873e-03
-2.092482788464598408e-03
-1.300744081490287640e-02
-4.482242446864743800e-05
-2.701092062442662575e-03
-9.521094803252094308e-04
-3.223070855700837633e-04
-4.356578249686204711e-03
-1.544846256854578515e-03
1.052976818127817753e-05
8.915725768367118137e-05
-1.395862921669121896e-02
2.518755132252198468e-03
1.514861336208430883e-04
-9.746302661563024938e-04
-2.418451208823663070e-03
-1.022224569674395401e-04
-1.669924577412290438e-03
-4.410011071702087983e-03
-2.015712219126846241e-04
-9.866570340516574861e-04
-2.402203606717927091e-03
2.351158631699053637e-03
-8.144149417610111472e-04
1.572410399973756044e-04
4.486108129721198996e-03
-1.558653528886054865e-03
4.968880315725627373e-05
3.034108050604581927e-03
-9.503738932152949737e-03
-1.635274234376094741e-04
2.830861047405573011e-03
-8.184933001899359498e-04
-2.874672595523305465e-04
0.000000000000000000e+00
0.000000000000000000e+00
0.000000000000000000e+00
-8.835404465127112868e-04
-1.260432418628544896e-02
1.688321592423923509e-03
0.000000000000000000e+00
0.000000000000000000e+00
0.000000000000000000e+00
0.000000000000000000e+00
0.000000000000000000e+00
0.000000000000000000e+00
-1.555271677304470752e-03
-1.019009539493482197e-03
-1.776793190923369381e-03
0.000000000000000000e+00
0.000000000000000000e+00
0.000000000000000000e+00
1.420638062261528724e-03
-1.165707463747119206e-02
1.649533481807396399e-03
0.000000000000000000e+00
0.000000000000000000e+00
0.000000000000000000e+00
0.000000000000000000e+00
0.000000000000000000e+00
0.000000000000000000e+00
0.000000000000000000e+00
0.000000000000000000e+00
0.000000000000000000e+00
3.252799756120346684e-04
-1.379907878116322720e-02
3.053245385321545075e-03
0.000000000000000000e+00
0.000000000000000000e+00
0.000000000000000000e+00
0.000000000000000000e+00
0.000000000000000000e+00
0.000000000000000000e+00
9.258752865921607506e-04
-1.150543750221862810e-02
2.077723890259836406e-03
0.000000000000000000e+00
0.000000000000000000e+00
0.000000000000000000e+00
-8.538968369573914519e-04
-9.801800164300903447e-04
-2.229356084577608418e-03
0.000000000000000000e+00
0.000000000000000000e+00
0.000000000000000000e+00
0.000000000000000000e+00
0.000000000000000000e+00
0.000000000000000000e+00
-4.305557059214252212e-03
-1.504211380086169225e-03
-1.448011268537915779e-03
1.966530444315215884e-03
-1.210406670309279592e-02
5.711117451095405967e-04
-2.252810629093949732e-03
-8.132503243691353466e-04
-6.340808022682873669e-04
0.000000000000000000e+00
0.000000000000000000e+00
0.000000000000000000e+00
9.659592392143720105e-04
-9.194737174187790846e-04
-2.229154979066564918e-03
-1.023201294901548769e-03
-1.578298659193208206e-02
2.798460220837496737e-03
0.000000000000000000e+00
0.000000000000000000e+00
0.000000000000000000e+00
0.000000000000000000e+00
0.000000000000000000e+00
0.000000000000000000e+00
2.358394409288363386e-03
-6.336140771052356166e-04
-6.108247739790039800e-04
-1.491698127766264217e-03
-1.214887374674589876e-02
4.636199737466231230e-04
0.000000000000000000e+00
0.000000000000000000e+00
0.000000000000000000e+00
2.835784540760658088e-03
-1.001692364212208993e-03
6.051073438435268037e-04
4.522916136749376669e-03
-1.471603663791920232e-03
8.142573097951833015e-04
-2.044758010834890963e-03
-1.186855559001156329e-02
-9.479877552083354182e-05
0.000000000000000000e+00
0.000000000000000000e+00
0.000000000000000000e+00
6.134217405177456008e-04
-8.691979778111156522e-04
-2.445048491737618953e-03
-4.799839234615132198e-04
-1.591996010338538742e-02
2.792952752604088013e-03
-1.266658955249201288e-03
-1.028944680215584332e-03
-2.180259076346936515e-03
1.364299378777150294e-03
-1.146782539146041884e-02
2.179776541487275180e-03
2.704067841314519022e-03
-1.519619879445387222e-03
-3.647867648483038919e-03
1.384045592545580074e-03
-1.009473176296617159e-03
-2.172566664847368472e-03
2.073211737541234400e-03
-1.594690169282844856e-03
-3.976551191920705067e-03
1.330203105575925894e-03
-1.371960289228275377e-02
-1.828886172375605162e-03
6.089269240944975145e-04
-1.171626707656154426e-02
2.069208213779427218e-03
-5.392146960951836555e-04
-1.077194242244983689e-03
-2.353164046015214679e-03
2.451779277036348140e-03
-1.411404525381347932e-02
-1.845428152859531325e-03
4.374520651213018203e-03
-1.278809279957741560e-03
-1.388849171589396497e-03
2.575697891952501498e-03
-7.179253246943873793e-04
-1.136974805277780670e-03
4.146776682052132242e-03
-1.307839114170905028e-03
-2.020611179671379619e-03
2.977536196381071806e-03
-1.201625989944242814e-02
-1.094952849086881048e-03
1.535274694940637688e-03
-1.166336071122126006e-02
1.483830791145993987e-03
1.445622909247330778e-03
-1.672391615145305856e-03
-4.144058224667397476e-03
8.394723472998025932e-04
-1.359229384511613341e-02
-1.696979371831852136e-03
7.393646031551638935e-04
-1.638995042762735489e-03
-4.321476660745250491e-03
7.271779188508704656e-04
-1.360487845803334643e-02
-1.920015194960891574e-03
-2.119501838509685928e-03
-8.673430596766838621e-04
8.675217511772758761e-04
-3.962263473036009391e-03
-1.511573284680738614e-03
2.130411478842727645e-03
2.046618848434549661e-03
-1.270517862564683569e-02
-7.264669833293493093e-04
-2.531790987774104173e-03
-1.059921624440358706e-03
1.453136454205927047e-03
-4.321895676077157009e-03
-1.606083725895304489e-03
-6.226507537893477637e-04
0.000000000000000000e+00
0.000000000000000000e+00
0.000000000000000000e+00
-1.334077602491916086e-03
-1.225275491219777503e-02
7.034298084227226348e-04
4.486083646722108242e-03
-1.386035897002834728e-03
-6.226786841924494310e-04
0.000000000000000000e+00
0.000000000000000000e+00
0.000000000000000000e+00
0.000000000000000000e+00
0.000000000000000000e+00
0.000000000000000000e+00
-1.954093065290974079e-03
-1.095601769375611177e-02
2.237331471711437281e-05
-2.082169805970702971e-03
-1.725854459464811657e-03
-3.927487243835664672e-03
-2.531984481098467198e-03
-1.648935119368553264e-03
-3.596763734890818555e-03
-8.592701378522803494e-04
-1.495460225578234929e-02
-1.480045166359989514e-03
-3.213454017793125617e-03
-1.613916456689035508e-03
-3.139360709440004032e-03
-1.550217435458490231e-03
-1.205148030389927537e-02
-1.870626251866479295e-03
-8.843900260368828085e-04
-1.251188790333327208e-02
2.100201731779516648e-03
1.942254208620594353e-03
-1.404965591523179951e-02
-1.876987113716201486e-03
0.000000000000000000e+00
0.000000000000000000e+00
0.000000000000000000e+00
0.000000000000000000e+00
0.000000000000000000e+00
0.000000000000000000e+00
2.516765870736335699e-03
-1.394361147191524458e-02
1.018720087300140564e-04
0.000000000000000000e+00
0.000000000000000000e+00
0.000000000000000000e+00
-1.928352440415861046e-03
-1.603816140212821137e-02
-7.818337585741748363e-04
-1.932217695982998626e-03
-1.196279653982680428e-02
-1.513048164423175072e-03
2.609666914518416359e-03
-1.002350939618164034e-03
1.481952716083973290e-03
4.065881849758097577e-03
-1.422510410660118418e-03
2.171597872090707312e-03
-1.614608355749382875e-03
-1.143049062763057400e-02
-6.347308477947408937e-04
2.189809036140639553e-03
-8.026839432416993728e-04
8.467585434328450287e-04
2.995491896105510407e-03
-1.218619257082834834e-02
-1.570831840098512421e-03
3.220404779186022623e-03
-9.538642562683045945e-03
-6.532641606135151892e-04
-2.425142880115098779e-03
-1.058493521366764972e-02
7.214329740855432785e-04
-4.281930550276919281e-03
-1.543772756239882027e-03
1.488226061771981889e-03
0.000000000000000000e+00
0.000000000000000000e+00
0.000000000000000000e+00
-1.739452634354529464e-03
-1.205914893157600774e-02
-3.877195123300045576e-04
0.000000000000000000e+00
0.000000000000000000e+00
0.000000000000000000e+00
-1.392532650731828159e-03
-1.754679902864374934e-03
-4.206226349491260993e-03
-2.890072559645886965e-04
-1.769693312872494886e-02
-1.648585313561717544e-03
-5.600993473030320283e-04
-1.708073015046682706e-03
-4.353684384406932527e-03
-1.780337261332615162e-03
-1.105555243987185743e-02
3.308365139064983989e-04
-7.820968678705716602e-04
-1.513235231679830456e-02
-1.643577330322121451e-03
-3.631508611188536718e-03
-1.427249981091664082e-03
2.666803275923845546e-03
-2.096157363792980517e-03
-1.330291974690304795e-02
1.486717977544864096e-03
4.366566039050754494e-03
-1.437653941369699314e-03
1.474559492064056888e-03
2.471697861701651136e-03
-1.406732659404998954e-02
5.650080539573814047e-04
-1.855600776701048747e-03
-3.325310069668475227e-02
2.159738512931246978e-03
-1.694502220240224569e-03
-4.462534447837974289e-02
2.339589201766707500e-03
1.403756541520991821e-03
-3.675614033505596179e-02
-6.265732191352129657e-04
-1.776360882481679143e-03
-4.873265822040798861e-02
1.769590280733437720e-03
3.553778118619054308e-04
-4.822343146103359041e-02
-8.148547736635367196e-04
1.299205392777913438e-04
-4.285965385535251554e-02
3.816900965573311218e-03
1.547851501917918676e-04
-5.644487169268785215e-02
2.470498294998352360e-03
-3.161648321169657902e-04
-4.481636778140218880e-02
3.339239308371122830e-03
1.765334206816732490e-03
-1.280630370794209709e-02
-9.092620351193689840e-04
-1.786745950914757049e-03
-7.816055709715506337e-04
1.400303693296239306e-03
2.105544279476508334e-03
-9.949729479872225762e-04
2.255632358677501365e-03
3.151944723376696490e-03
-1.478141544668892977e-03
3.284477053424452852e-03
2.189974828559858658e-03
-1.128629138097574786e-02
2.052744806502060891e-03
1.828334629643992362e-03
-7.110873502560312136e-04
1.469033964420653595e-03
5.022719429614894799e-04
-2.569121862154566047e-02
-9.213972825250472086e-04
-1.216856758130867647e-04
-3.026877906757931627e-02
3.780294701676764884e-03
-7.930811110371524053e-04
-3.175187601926073716e-02
3.440978164583404983e-03
2.638769613983781362e-03
-1.404741279599655036e-02
3.707504854560990794e-04
-1.767187334063689179e-03
-1.610280674774093243e-02
-1.077086216186470737e-03
-3.367975481741376683e-05
-5.170401891706588593e-02
2.934425924313753195e-04
3.983617575685276420e-03
-4.696091175178147836e-02
1.092298657005338382e-03
3.148476849725386720e-03
-5.892304350355999365e-02
1.307451506184577165e-03
3.568891111256527679e-03
-4.691343169389644574e-02
1.531933256038579307e-03
3.911737482216499570e-03
-2.777673093824587630e-02
4.113811083182527476e-04
3.727547530380871926e-03
-2.616527175313920414e-02
9.055480151373700333e-04
-7.703712517225738297e-04
-2.435134599439534031e-02
1.586949631523290193e-04
-2.020481583373253103e-03
-2.300833252165184958e-02
1.402162641127418282e-03
-2.154730585134708148e-03
-3.727666857931893202e-02
1.824331511003985220e-03
1.626937969485683314e-03
-3.470359867302667128e-02
-4.816873781197342653e-04
-2.213551904924425558e-03
-3.849960292223984781e-02
1.332018308666163726e-03
-2.189012248967992652e-03
-1.311968839105012198e-02
-3.935530895984096830e-04
1.754501857923358710e-04
-8.673655806244320865e-02
8.545057179221053146e-04
1.442300224483338044e-03
-8.480981057551355284e-02
7.548034159317964543e-04
1.062015886946516153e-03
-8.802705781816742847e-02
7.223794642689159448e-04
1.133902755743502718e-03
-8.690078619031141316e-02
1.017445702974945900e-03
0.000000000000000000e+00
0.000000000000000000e+00
0.000000000000000000e+00
0.000000000000000000e+00
0.000000000000000000e+00
0.000000000000000000e+00
1.862757033593351666e-03
-9.943476389630709344e-03
-3.365356030876995742e-04
0.000000000000000000e+00
0.000000000000000000e+00
0.000000000000000000e+00
0.000000000000000000e+00
0.000000000000000000e+00
0.000000000000000000e+00
1.201479072317022685e-03
-6.367319794236449282e-02
-7.762179734359980939e-04
5.890760125473876174e-04
-6.570064439089014219e-02
-7.465830335826130265e-04
-2.593787466207105106e-04
-6.835162877277488336e-02
2.275767718453660000e-03
9.866233973690097161e-04
-7.284993791342857239e-02
-3.760806510900803869e-04
6.124228439781028441e-04
-2.589730588869455091e-02
-9.221513159110930353e-04
-2.914214971859984890e-03
-3.539732548245944077e-02
-1.988649389826213784e-04
-2.889023412873433904e-03
-3.448967234440847990e-02
2.564994063707617868e-04
1.442034658486615085e-03
-3.826798441222722252e-02
3.369546240730785739e-04
-2.654472096914085866e-03
-4.612954668182639439e-02
1.443033266351376968e-04
0.000000000000000000e+00
0.000000000000000000e+00
0.000000000000000000e+00
-1.378034643926598010e-03
-1.151203021513411313e-02
-9.200839236372708669e-04
0.000000000000000000e+00
0.000000000000000000e+00
0.000000000000000000e+00
-4.094419378142998217e-04
-5.488649344355181481e-02
2.641431821283799289e-03
-9.407976503065210334e-04
-4.227564533207521513e-02
3.073138416164812245e-03
7.478164686356876534e-04
-4.888698950973915935e-02
-8.941428152221203920e-04
1.215393553598426808e-03
-5.303956011121524483e-02
-1.290935203796531733e-03
1.567652171224135239e-03
-6.003475181841264052e-02
-8.291666202198651539e-04
-4.625327884285338137e-04
-5.983195983944489260e-02
2.162168812457141397e-03
-3.196800533442217991e-03
-1.421734104140854812e-03
3.340284011851202533e-03
1.038293468563499010e-03
-9.249635957434004449e-03
-8.337309093932017759e-04
-2.107068955224706761e-03
-1.008188246366120136e-03
2.269346954074275089e-03
-2.636870200213322843e-03
-1.411407187419619260e-03
3.736349955482707631e-03
-1.732016965467014780e-03
-1.385339821239471580e-02
2.277685648401797745e-03
-5.027123679866314355e-05
-7.740829224760535643e-02
1.445678724883438151e-03
3.624659684868072104e-04
-8.357641213719074758e-02
1.165518977034973045e-03
4.597028700619002774e-04
-7.886113384539655824e-02
1.518178226390132354e-03
1.184565375430380414e-03
-8.151782755103410827e-02
-5.161625531883016127e-04
-6.240895169823327919e-04
-7.378377039652196656e-02
4.380950803089080688e-04
-9.608380567931543723e-04
-7.216606009731511839e-02
7.724109366750343689e-04
2.014296152579478187e-03
-7.564348726346896423e-02
5.235502821369203939e-04
-2.273948660175103198e-04
-8.007490296154104459e-02
7.526902785637722875e-04
2.345355758602567404e-03
-1.385337676223020315e-02
1.933871116414344836e-04
-1.397361797663462801e-03
-2.871670903094200242e-02
3.201838444552523519e-03
-5.063743634648227741e-04
-2.400703947384643169e-02
-2.716605002694298318e-03
4.062629252880019877e-04
-1.833354191484138848e-02
2.126265699335670115e-03
-1.315820991144298269e-05
-1.828684346577084605e-02
2.373046229126641888e-03
2.504308314630212086e-04
-3.492151489327153385e-02
1.947517306024075176e-03
-2.083188417796278183e-03
-2.410220682454281005e-02
1.053888263819385395e-03
-2.764390627645740752e-03
-2.196294360809276924e-02
2.431234444282942520e-04
2.325685647603778407e-03
-1.751150510877400035e-02
-2.781131701544392837e-04
-2.413655125420916935e-03
-2.341655457515746941e-02
6.525574643847253421e-04
1.192081272878504081e-03
-2.050396113323807445e-02
-1.908655892185983282e-03
1.156762140617058343e-03
-3.298258488955526507e-02
-1.968751176762519040e-03
-8.643176790467798232e-04
-2.608968081865375988e-02
2.078951539477542822e-03
1.707905521904837286e-03
-2.989621716684251126e-02
-1.878035112568420418e-03
4.912002839266019693e-04
-3.764674035662469997e-02
-7.661049079377682449e-04
-2.374544935207477132e-03
-2.272041226990110033e-02
-1.130049576950034130e-03
2.489419921920228186e-03
-1.279134513888059189e-02
1.451258491705848322e-03
1.453559883267142687e-03
-3.101887057270874201e-02
1.061774851118253487e-03
1.732349390225402770e-03
-2.374109282512265259e-02
8.261587651520103416e-04
-1.617178520325356951e-03
-2.120243265862391951e-02
1.683861306549063082e-03
1.758966434856170649e-03
-2.491764945111640817e-02
-9.083592794583392497e-04
-1.332692465262877337e-04
-8.098484214032845852e-02
1.200344715264730364e-03
1.428866906952382110e-03
-8.009099972318237115e-02
-3.451317924199669238e-04
2.326919007736703415e-03
-2.032284856705214582e-02
-5.083571991394327796e-04
2.198750719548655868e-04
-8.579919153048874703e-02
1.035808569173899676e-03
1.724633090469374877e-04
-8.536855710528784558e-02
7.303219258932487114e-04
1.482528265877987479e-03
-8.459987098935441152e-02
3.213118550336035583e-04
-1.840211348101580238e-04
-8.137184409117187434e-02
1.070051393910754307e-03
2.745816765920788046e-03
-5.789711638644404190e-02
1.579209130803387040e-03
-3.251763826985542075e-04
-5.633481678881920030e-02
-3.011723999657383948e-05
7.313919652069283441e-04
-8.731878305757799497e-02
9.436359614076246950e-04
9.978391895961566307e-04
-8.559024121003445951e-02
-1.663271206608540789e-04
6.225759907666858104e-04
-8.387078951126887560e-02
1.207222630932619500e-03
3.136612943705120986e-03
-1.977936476237325894e-02
-4.126888855172566113e-04
3.666709955473003435e-03
-2.406502789745884954e-02
-1.065421742527044533e-05
-1.288586626093960082e-03
-1.961768784697079382e-02
4.366985457202187011e-04
2.110938712919209481e-03
-9.839793440905957034e-03
-1.757549592030199618e-04
5.026300168491222532e-04
-3.506434665978364756e-02
-2.002360010859578765e-03
-7.174995408679738038e-04
-3.699174129293891083e-02
2.148587386249452540e-03
1.038463540635984651e-03
-4.467908519832372582e-02
-1.749560227803144451e-03
-2.009263330496511042e-05
-1.478475243565570852e-03
4.531758734138516785e-03
-2.494018652622636461e-04
-1.217372047939335733e-02
-1.794109325001595843e-03
7.270681476647766588e-04
-1.513788875852552229e-03
4.486747973111231483e-03
1.313332398133276735e-03
-7.449811298169364175e-04
1.901871185412294099e-03
2.625078686941036479e-03
-1.456126746432173744e-03
3.714856035352129531e-03
1.792665778656295401e-03
-1.123299867712024107e-02
2.455336629778055030e-03
1.949332733686433674e-03
-6.671017880992768934e-02
3.673242507942996431e-04
-1.360320963711974520e-03
-6.454287896425710269e-02
4.296784151223767556e-04
-1.591804821263047417e-03
-6.229719126616883873e-02
7.349099752591913915e-04
3.933924735905567488e-04
-8.287799038668600127e-02
7.608745814079524424e-05
6.204269962947944793e-04
-8.709025575631834659e-02
4.375707925285669971e-04
7.360329209562656381e-04
-8.401488634765640062e-02
1.728314951303878662e-03
6.262107135995614773e-04
-8.429605562760722481e-02
1.835162594528140739e-04
2.234359023358564213e-03
-5.280168491533282493e-02
-6.355231236852059915e-04
2.753736206932431377e-03
-3.952898557622080977e-02
-1.005599005860677644e-03
-1.054633068532697879e-03
-4.791012959976701652e-02
1.421768485741024780e-03
2.128084703781109917e-03
-4.621090226726023292e-02
-1.208129241107482130e-03
-9.270740701382680854e-04
-3.738536667343751035e-02
1.497316614399136006e-03
2.422778961881817683e-03
-3.242257788091960913e-02
-1.487713778958787113e-03
1.989184318311282512e-04
-7.257272155302708916e-02
-5.039158927606744850e-04
7.118312014096385421e-05
-7.727452491878752938e-02
-2.473186285626579294e-04
-1.954062633413229427e-04
-6.951987428841274741e-02
-5.769186017389022446e-04
9.786338517647030603e-04
-7.304130244817468032e-02
2.102680930424087168e-03
9.539797123255893373e-04
-8.729801531225550582e-02
4.148091138099245165e-04
1.076597742702908606e-03
-8.372006399384203379e-02
3.105281328108718572e-04
5.086638539891266122e-04
-8.610963335517773931e-02
1.397482790847090744e-03
6.936237342947667651e-05
-8.246778675398529213e-02
1.681008826738731622e-03
1.374357070137363678e-03
-8.038205610579078619e-02
4.216799002566507470e-04
1.096247186921808173e-03
-7.797393133247094987e-02
-5.827821366293073872e-05
3.324600496978349570e-03
-5.862967875588895317e-02
9.532995385700984660e-04
2.561918437598191458e-03
-6.916648289060414734e-02
1.071165832596140911e-03
2.406272536502390789e-03
-6.849470561473713914e-02
1.402979311325909008e-03
-3.894147777941128980e-04
-6.706731532455399714e-02
9.504926511969834482e-06
-2.210560377530267767e-03
-1.321145752889073960e-02
1.098746735921153498e-03
7.404798762897751678e-04
-2.581309419023786883e-02
1.859108820743441901e-03
9.387320847790734746e-04
-1.368453330747161460e-02
2.461270022161824670e-03
-1.004217925341363169e-03
-2.383288379543835322e-02
-2.657065154923037194e-03
4.228612279247923912e-04
-3.088952778118217446e-02
1.741200508466756586e-03
1.697542255932014315e-03
-8.241801635480444643e-02
6.694474310947555852e-04
1.439156033920765043e-04
-1.764531643583342260e-02
-1.136941835728063612e-03
-1.343035119287161995e-05
-4.711857788622113297e-02
-1.982331517962588555e-03
1.813855287327986992e-04
-3.613554168994270038e-02
-2.295710841765298375e-03
4.977973478654237676e-04
-4.653499826241438986e-02
-1.775417704474524560e-03
-3.144493268322090060e-06
-4.144002965673897892e-02
2.199901237964260476e-03
2.843139806405888740e-04
-6.554041176327446427e-02
-9.105986974604822568e-04
6.005716613233176614e-04
-7.086424855187550831e-02
2.396731177307551055e-03
5.660687496268477668e-04
-7.352036724572454107e-02
-2.665925729456784343e-04
-2.788622126509335275e-03
-2.383156984895654085e-02
-4.117657687911192789e-04
1.576185096795013540e-03
-4.623414484761353971e-02
-4.201400982432998334e-04
-1.804270777765618148e-03
-5.175417294384576650e-02
1.315609177606346649e-03
3.826926638136237671e-04
-6.153983616044020333e-02
2.424816786868689775e-03
-1.073760577281568054e-04
-6.390168220239475505e-02
-9.214422047328771001e-04
6.032929492295682896e-05
-5.608691992983512453e-02
-1.503076187701800608e-03
-1.174167886984340192e-03
-1.147497197073871905e-02
-1.256617444143587163e-03
-1.592805946141946996e-03
-2.309793597278199384e-02
-1.966902824542027511e-03
-1.997870883517507967e-03
-2.269689284286391384e-02
-1.656025521435050291e-03
1.322379752689301557e-03
-2.094957511776165265e-02
1.722672034283325273e-03
-2.744547306259480734e-04
-3.162475690282887109e-02
-9.610608510180432707e-04
-4.474815848335928024e-04
-2.866663592892072787e-02
-9.133742786180559271e-04
1.728418678094788448e-03
-2.356641642669049519e-02
3.085633664443476754e-03
3.332743614534896918e-04
-8.757135038075680722e-02
5.671322514485542836e-04
1.379463820296539505e-03
-8.692202481718419582e-02
6.076823954061616028e-04
5.939568039857586954e-04
-8.838247992545938958e-02
8.547645966582499786e-04
-2.781898434435050096e-04
-7.651128476331138517e-02
2.064716314043437816e-03
7.048107420409571592e-04
-7.970809983550891653e-02
1.261340364383762647e-04
8.930189110512654418e-04
-8.174856789557290171e-02
-5.773329864495751898e-04
-3.765021091804282832e-04
-4.638404823447840608e-02
-2.120153349841594117e-03
2.793295156359409904e-04
-4.888326997508905813e-02
2.188074352481790205e-03
1.032077163037974999e-03
-7.975187711164614945e-02
1.978784412102526074e-03
-2.868881278082167772e-05
-8.002535994031487188e-02
8.884466406857248889e-05
-1.154635876352873292e-03
-2.607649200864703073e-02
1.568447491389604728e-03
1.675673240787583368e-03
-1.826928981177312547e-02
-1.498541344537811411e-03
-2.063318847555809139e-03
-1.391253101093747717e-02
1.985226624819968425e-03
3.683676478081926789e-03
-1.385715366540861936e-03
2.782614058422118800e-03
7.286635165363194132e-04
-8.877306862145965816e-02
7.204194423204754146e-04
5.192839101441448866e-04
-8.838057595165690894e-02
9.057142131994416713e-04
3.484125449867315084e-04
-1.377830498509604630e-02
-2.131526767744780851e-03
-1.345873873436752050e-04
-7.598369230624864301e-02
-5.190173489017417888e-04
-3.845985118296273934e-04
-6.675697532658662892e-02
-6.060625137046679817e-04
1.658625661946104210e-03
-7.008730144382889493e-02
1.683542028964709865e-03
-2.270482614558879037e-04
-6.911737552393673600e-02
-1.050780612465086099e-03
1.201839020047351485e-03
-8.468209163778626924e-02
1.510619535360759134e-03
1.683502293636734417e-03
-1.971245444137793845e-02
1.514834409587660505e-03
3.050269844307981260e-04
-7.453558358201181622e-02
2.468098033064147507e-03
1.613542677064424852e-03
-6.518701774225486856e-02
-4.204924488674664828e-04
-8.289229608065371447e-04
-6.819277494441269849e-02
1.809998854638830354e-03
-3.540241517675693072e-04
-6.915701167002988314e-02
2.125456109727530407e-03
-7.949494540441652025e-04
-5.981604586259769291e-02
2.010087676963011067e-03
4.132823612894192172e-05
-7.161987886418605398e-02
1.882532998560443012e-03
-5.150520987024523540e-04
-6.901525016536295964e-02
1.836185619476121385e-03
1.310379357672491855e-03
-7.533651197882909600e-02
-7.640401566963222688e-04
2.098387928058889022e-03
-3.470047840739248768e-02
2.850857344470309959e-03
1.838792541174835747e-03
-4.542540042018947122e-02
2.666848489109209172e-03
-3.306050794205411987e-04
-3.984634931409108960e-02
-9.390056695180190680e-04
1.530146402309253209e-03
-3.477338437509502195e-02
3.111868189593358647e-03
3.231482484104440602e-04
-8.153798263839286131e-02
1.984181815577587462e-03
1.371141274150279067e-03
-1.549120465428528368e-03
4.257827698462084663e-03
-5.291407409681063087e-04
-1.210205534636371073e-02
-1.920952159913894485e-03
1.055066311092947096e-03
-8.782807329045187739e-02
3.863050759555690730e-04
3.896260933815560816e-04
-4.108307220845633378e-02
1.867712247023608704e-03
-7.418871853054641091e-04
-3.469695059471571835e-02
-2.595681636395558069e-03
-8.562637010029860302e-04
-4.440466112588473818e-02
-2.121076506446708740e-03
1.314817407673426943e-03
-8.383760293242492612e-02
1.198154806493232326e-03
1.418458891274281420e-03
-7.847808382059512367e-02
1.315346775497719216e-03
8.714749974271925005e-04
-8.219582984647766377e-02
1.376127604126848800e-03
7.229867637811840842e-05
-8.289718628305592363e-02
-2.216114268697502168e-04
1.225861103631712768e-03
-2.961146629736653713e-02
1.357221390572898928e-03
-2.550762965331908739e-04
-8.057926391719920367e-02
1.418102297313167219e-03
-1.268365801082328975e-04
-8.272444792116767642e-02
9.982355728875352482e-04
-5.259968862725241572e-04
-7.656633762107331598e-02
1.019915218716751018e-03
1.650347465281186551e-03
-8.055930911571317077e-02
6.298803135214808922e-04
-8.547341751639725253e-04
-5.182766538290202452e-02
2.676908653838480732e-03
1.388941379709757434e-03
-5.983305596676932736e-02
-6.149763899061129729e-04
-1.246092747143459807e-03
-5.524003821523052610e-02
2.078357666238103609e-03
-8.705841090800208251e-04
-5.896975676021905255e-02
2.214357034327096851e-03
-9.101538050229469835e-04
-6.449737780948308630e-02
1.781611782295322273e-03
-9.438306163213547317e-04
-6.143621490642095506e-02
-4.812726908102455238e-04
-1.689623496974722999e-03
-5.413039448239308910e-02
-5.922070805938232582e-04
1.827903298103338535e-03
-6.194442298167757155e-02
1.656606916640204416e-03
-1.288115665428356997e-03
-6.417634111598728708e-02
-1.433760606940736183e-04
-2.696728481078707051e-05
-5.500681307916665402e-02
2.413162252989183368e-03
9.118677163935641700e-04
-8.768310872833570691e-02
1.282541521031610975e-03
8.996252798649426695e-04
-8.873912688194715570e-02
8.200794737855699465e-04
-1.340675918438984093e-03
-2.610610982996755536e-02
1.298509790954130525e-03
2.141612490990243891e-03
-2.213461383618434489e-02
-1.402213843031803247e-03
-9.683529351028517199e-04
-6.095315369682936801e-02
1.107434533704342245e-03
2.822250665856171521e-03
-5.401510391362793900e-02
-6.302250871919564182e-05
2.232636414936494101e-03
-5.921619898276188343e-02
-2.285591404370580109e-04
2.354289689865864382e-03
-6.440995234398970426e-02
1.344311558684249523e-04
-5.455888936259612691e-04
-4.895898387667529938e-02
2.216702577592935802e-03
-2.663694140268928179e-04
-4.670688003694573043e-02
2.371374329088822043e-03
1.934088474257361287e-03
-7.364491683294485669e-02
3.418902179778021168e-04
-8.044870315204414191e-04
-6.932896005661701166e-02
1.030591925797913781e-03
2.492178993063520146e-03
-6.719058215678817836e-02
4.605311108406898971e-04
1.547931641731776446e-03
-4.235727477207092834e-02
-1.760631159116711909e-03
-7.778428511448134269e-04
-3.838023363466808863e-02
1.772222907791652343e-03
1.176587147086541503e-03
-6.048616938852657138e-02
-8.141277401145937363e-04
-4.507889692610595779e-04
-6.253022630589193109e-02
2.196295832741693762e-03
2.195848487256504052e-03
-7.556079719524014249e-02
7.552441246304792983e-04
1.721989249555883061e-03
-7.434224138471258458e-02
-4.816428289751718806e-05
1.804864765510866709e-03
-7.100580189389997521e-02
1.627063834524754575e-04
1.754783417057752693e-03
-6.542808404234727593e-02
-2.352807299784748403e-04
-9.832002019321416271e-04
-7.118543556934911476e-02
1.202674346881333484e-03
1.922020519553463598e-03
-8.072705581173152123e-02
7.579634424504710704e-04
-3.223603393602972387e-04
-7.699211663772068115e-02
5.893447570001719661e-04
-1.710763305118296967e-04
-8.267365748701244188e-02
4.543436089054417575e-04
7.970993317790088951e-04
-5.587881007077136891e-02
-1.176961241701893115e-03
1.242512242431764420e-03
-2.318478718818492434e-02
3.120489341967376453e-03
7.500112157355891956e-04
-2.586153156312588630e-02
4.021520665604706550e-03
3.144736959706186455e-03
-2.387836068825322997e-02
1.243763526973710055e-03
3.828042538938259721e-03
-3.582002320785881988e-02
1.237221306285306299e-03
-6.329690747705545928e-04
-2.755174821904497751e-02
-1.096216673041480819e-05
1.761823645300470646e-03
-4.989330813429984635e-02
-1.366112611435324736e-03
-8.837713120145651103e-04
-4.971627588902165218e-02
1.871393585142495930e-03
1.311136810030777715e-04
-6.477873372095412086e-02
2.180489221475402552e-03
8.674983625991980300e-04
-5.977017215140109641e-02
-1.045333026719284407e-03
-4.202716073220441649e-04
-7.375460459549819381e-02
1.384241281505772716e-03
-1.388150587050564514e-03
-1.382418305292832175e-02
2.558138728487714762e-03
-9.970248379582511821e-04
-1.381374319235518372e-02
2.760755555037785417e-03
1.889541928328302691e-03
-6.128611818042487697e-02
7.223260477772252598e-05
1.743046904574282715e-03
-5.000603239501878738e-02
-7.064204168823481976e-05
1.808806426516641926e-03
-5.466307388362132841e-02
-2.933043293684949168e-04
-1.819037179838514651e-03
-5.753335707867840432e-02
1.057005593945959873e-03
2.623037908247929061e-03
-2.537438749593472209e-02
-1.118514729496259980e-03
1.757865719351569579e-03
-5.520309450568380849e-02
1.151901529213362248e-03
-1.993771834022327414e-03
-5.579855732400234442e-02
-1.947533454531348313e-04
1.256527017089946116e-03
-8.504213520525433223e-02
5.811627124437513227e-04
1.249266342012462366e-03
-8.484961030100189594e-02
2.782160190718432536e-05
4.036645007902926198e-04
-7.937252770865040052e-02
-1.167347495233549051e-04
-4.410284180679816478e-04
-6.738156648010172611e-02
-5.546721224298957345e-04
1.614596367755981093e-03
-6.490575348558862145e-02
2.097402013433672090e-03
1.193465393449372799e-03
-6.587699683479716906e-02
2.183172323032950800e-03
1.283496618473410796e-03
-7.355370850807325944e-02
2.003281517487105669e-03
1.481517359848540626e-03
-3.726214583820627868e-02
4.673669203579801867e-04
-2.645710794281760925e-03
-4.601001725754910038e-02
-2.325840430146945974e-04
-2.702844594888550132e-03
-3.488900192534340194e-02
-6.270931307651658477e-04
1.350692012631718062e-03
-1.076161870712832955e-03
2.861065708299856142e-03
1.990474899044444683e-03
-1.511974362267500850e-03
4.097205441563971616e-03
-8.764160473881370131e-04
-1.146206227736440778e-02
-1.465027541913183204e-03
0.000000000000000000e+00
0.000000000000000000e+00
0.000000000000000000e+00
0.000000000000000000e+00
0.000000000000000000e+00
0.000000000000000000e+00
1.917283931873373483e-03
-5.985417495359911938e-02
2.045781087575692346e-03
2.157989694148494241e-03
-6.476083907529438244e-02
1.655905334467265566e-03
2.619554253997084825e-04
-7.745383899847238518e-02
-9.917569450665741481e-04
6.328069375806956432e-05
-6.592388644818950039e-02
2.503276046722995724e-03
-2.193174163033627551e-04
-6.008428501046338133e-02
3.481954848010584383e-04
1.469037529298371052e-03
-1.966249232362974816e-02
-1.724341696811366098e-03
-9.968174396289004435e-04
-2.646942887404173453e-02
1.851022217509302147e-03
-3.069063508828414103e-04
-5.832100036750919453e-02
2.536234155079574240e-03
2.034367148082531079e-03
-3.852190004846810234e-02
-1.695511568066764875e-03
2.113687175445062068e-03
-7.044649812981658432e-02
8.739356501464724120e-04
1.800836169070105675e-03
-6.703341452282135515e-02
1.238838777636185832e-03
-8.903821939412626812e-04
-7.089452504120845322e-02
4.805772702855901638e-05
1.862089549836714502e-03
-7.578823321111513578e-02
1.270168352278848792e-03
1.901267396785912174e-03
-5.698733247007908842e-02
-7.437097454768063203e-04
-9.702319351056242283e-04
-4.948171472194420883e-02
1.738132989955634483e-03
-1.020317746026768108e-03
-5.893323717032527415e-02
1.717431341370739134e-03
-6.190348640183685391e-04
-6.833440549849516266e-02
-2.328814397172785072e-04
1.638741854408247477e-03
-7.139395166127437964e-02
1.525604228867239679e-03
-1.547457118318887803e-03
-2.346421357120261064e-02
2.201572917602730075e-03
1.569286802478946606e-03
-2.641497834717921461e-02
-1.089760503653367223e-03
1.039304881585321463e-03
-2.656050777331939172e-02
-1.011662098566482862e-03
2.187174384178466446e-03
-4.972986880300742096e-02
2.245607580842937708e-03
-5.778553936076208375e-04
-5.695844012611990526e-02
-6.233329335237015791e-04
-6.490847724000752906e-04
-4.561361729367778561e-02
-6.678863952531200777e-04
-5.281279436937300195e-04
-4.874347065697294534e-02
-9.063751929117057696e-04
-5.400681973816945326e-04
-7.645786247495588162e-02
1.820433528769058694e-03
-2.008683709203496100e-03
-1.439732609876548343e-03
4.105051633572582605e-03
-1.368008631327128364e-03
-1.027260212775749386e-03
2.860554809414405254e-03
-1.383731380480655903e-03
-1.412738474851022623e-03
4.352498621454301865e-03
1.466648072568869400e-03
-7.916965479816111262e-02
1.641617351692888083e-03
-4.623227472250190928e-04
-7.532959001174976965e-02
-1.169150653143900196e-04
1.770786989995406721e-03
-7.435125786122756542e-02
1.374863770449132267e-03
1.478160220755168550e-03
-4.869408919803407121e-02
6.459378638194422650e-04
-2.119628840122115675e-03
-5.633317981751961856e-02
1.230032431936111108e-04
-3.092292998689563839e-04
-7.601159273945264083e-02
2.515262157750796789e-04
2.162493293914301024e-03
-7.456822587409125958e-02
1.207190621083856566e-03
-3.204306029691210509e-04
-7.248983505200244648e-02
-2.293640907852090977e-04
2.691360275040870676e-04
-2.428962313360583797e-02
-2.307011960485225513e-03
-4.677377615111696853e-04
-2.434665473886457598e-02
2.266429090232723997e-03
7.252100432800805867e-04
-2.280875356037886589e-02
-2.035610537750036104e-03
1.220669627000300602e-03
-3.759775434481636702e-02
1.228922868353427055e-03
-2.204415331480697859e-03
-2.286703774681250051e-02
-1.452606865372648055e-03
-2.466514332140741506e-03
-3.060407736248525745e-02
-1.472562441531277862e-03
-2.269429916322390686e-03
-3.053455679088622546e-02
-1.655378069144968064e-03
2.028120816705679657e-03
-2.336749056277269421e-02
2.721553394215830372e-03
1.950506822961790582e-03
-6.758055292129196145e-02
3.002956150555597975e-05
2.874769641400230346e-03
-2.292813465454308572e-02
-7.216631865767722531e-04
-5.710684510883536156e-04
-7.566152567623540826e-02
3.804359950549096875e-06
2.911447379960507235e-03
-2.390593529177561030e-02
1.499138143619266339e-03
-2.842516477787360250e-03
-2.322137593981917283e-02
-7.292998918381904947e-05
-8.113027219945373632e-05
-8.338184891699465529e-02
5.543763079602906027e-04
1.409975778511659596e-03
-8.428863589090826447e-02
9.223498434342427372e-04
-1.262934506528683859e-03
-2.258682709875385955e-02
7.035422729743920399e-04
3.491195277615111343e-03
-3.114106094429886645e-02
-3.720811993577178515e-04
2.288136241669277168e-04
-8.584358699807745352e-02
3.598173209620473189e-04
6.663086058333507217e-04
-8.860228703075508083e-02
5.434615976599484069e-04
-4.560455626497713125e-04
-4.390373147261379672e-02
1.481958798454997882e-04
2.889881008073680573e-03
-4.570630816368745353e-02
1.732815612782486608e-03
-5.554104348717341056e-04
-5.162676953339617042e-02
-2.695530037515095323e-04
-7.456807333511344602e-04
-3.847203187137118729e-02
-5.264825647784599936e-04
1.932845067681029927e-03
-7.945879807242400839e-02
1.003015199642172265e-03
1.424482870125419335e-03
-8.397491503589393780e-02
9.145508460362190319e-04
-1.341245171649857763e-03
-6.518697101931680837e-02
1.079411523466377080e-04
1.788226493330398199e-03
-5.972054387477739035e-02
9.350045797616832362e-04
-2.129801603289564478e-04
-8.067773126712607379e-02
-5.191961334682858965e-05
1.120815687264346610e-03
-7.630383026344665642e-02
-8.267325666782630693e-04
6.120605299762031052e-04
-8.672213023188629633e-02
5.682056439499671600e-05
9.816240307319024343e-04
-8.652268224142596609e-02
1.052260295144329940e-03
1.012720268771418310e-04
-3.348665375027828905e-02
-4.006914988859694307e-04
1.732295732507869480e-03
-5.799478641424600511e-02
-4.754790304351277311e-04
1.411459529447153978e-03
-4.881910971352803469e-02
-7.015192910969216900e-04
1.168760625291293811e-03
-7.236143956150063727e-02
1.496261784666535989e-03
-4.579739082207508584e-04
-6.244783828021791688e-02
-2.787388787665205972e-04
2.571818153173555891e-03
-2.328491059750627951e-02
1.954768667776905777e-03
-1.048957175821732925e-03
-2.685419043865648614e-02
-6.729549182008164000e-04
-1.079239964415995697e-03
-2.247200368778379601e-02
-1.033819453870522169e-03
2.479731280430926086e-03
-5.342924507660176681e-02
1.839379175343311195e-03
6.032697695469309805e-04
-7.841899998980574049e-02
2.094709925306248877e-03
2.682218627506778846e-03
-1.265721870403815896e-02
1.077469403633384915e-03
-8.471411728566323679e-04
-6.126008022431239652e-02
-8.032053651282002223e-04
1.623659168935121053e-03
-5.466830937037683857e-02
1.787913414874975869e-03
1.300079996654939125e-03
-5.675171356010706714e-02
2.031067096036843957e-03
-1.263398877818446833e-03
-6.729361535923326920e-02
9.821514077091853239e-04
-6.707229110867566095e-04
-7.640081452712065013e-02
1.004086378399836159e-03
2.051777332606438773e-03
-2.854020966852378188e-02
-1.669768029444688084e-03
-1.403109964836792261e-04
-2.451829193791227324e-02
-2.486888747483207741e-03
-8.817333281213319673e-05
-3.005372617506600966e-02
2.119294215617604366e-03
3.168591236618034310e-03
-3.408147176340855372e-02
-7.628011308432278712e-04
-9.825169647151104323e-04
-3.684169541531707309e-02
1.112790570482671956e-03
1.400830637592930319e-03
-6.987253784995016426e-02
-4.286143766608346427e-04
-3.713302756363304484e-04
-5.479120990506608502e-02
-1.514022887130765833e-03
6.570095782524034908e-04
-5.474458512114167841e-02
2.214460562655076736e-03
2.489125650528034887e-04
-5.880203743897023660e-02
-1.318865867141813661e-03
1.087094945927538159e-03
-5.599160166014421902e-02
2.712108375172077833e-03
7.668442557281155553e-05
-4.919846155200570392e-02
-8.053799685812407672e-04
-1.267760867850612275e-04
-6.064986674409925810e-02
-1.343392809273832953e-03
1.979863845832912500e-03
-6.079182211215677228e-02
6.166174248878900305e-04
-8.506886132841270931e-04
-3.020998495294376432e-02
-2.301986758625132337e-04
-4.706773719320858987e-04
-5.946950243567468430e-02
-9.639434170702519070e-04
1.418870584618138865e-03
-5.555591103425566030e-02
2.370452404928452203e-03
-2.634443823270125450e-04
-5.032271903485799336e-02
-1.097537582472466518e-03
1.482044295898540115e-03
-7.464026778252412508e-02
-3.906787364151690679e-04
1.036142047609804866e-03
-6.920669529504200335e-02
-9.305496675391498494e-04
1.215811310347965878e-03
-4.998398536016897958e-02
-7.540672372434100053e-04
1.671252796816396200e-04
-8.477705286438985688e-02
3.336166775020144633e-04
1.577959982159401857e-03
-4.706893787947093871e-02
7.865827736512676950e-04
-1.378618321695431435e-03
-1.135601861317483106e-02
-1.128015669877109953e-03
-3.966497392174874641e-04
-6.999309081594749793e-02
4.367725990841813365e-04
2.352615879183514360e-03
-7.455198970660947833e-02
9.436511578833394268e-04
2.101645391445510196e-03
-4.230744157076774675e-02
2.564489496090476515e-03
-5.859092580179071875e-04
-3.786790763072891974e-02
-9.004823535729610320e-04
-8.442981639436788902e-04
-3.429749225528993389e-02
8.145603482687261213e-04
3.396482473884840370e-03
-4.196080239002838996e-02
-3.151438332030933676e-04
3.739603239244912382e-04
-5.718148141501089299e-02
-1.327774952642773142e-03
-8.656245498824737070e-04
-6.911183607745238766e-02
-1.664749876561795569e-04
8.351686374403887326e-04
-1.031335796850962709e-02
-1.234196177920359990e-03
-1.290024936560493730e-03
-7.458578529290772448e-04
1.904238353712151520e-03
-1.341274686590710656e-03
-2.504678115188371801e-02
1.036086116650694394e-03
1.938167105598482133e-04
-3.643044826441501488e-02
-4.339544361863534880e-04
-9.642581704381105205e-04
-2.227807593265551667e-02
2.648078889073146049e-04
-7.650970683865262155e-04
-3.133182575075515314e-02
5.408536738755910641e-04
-5.896949814458572921e-04
-7.008611805299819197e-02
7.442393044503341389e-04
2.873668335863590641e-03
-3.487008870303615754e-02
1.949978767045934579e-03
-7.681414621974444511e-04
-2.553504735502470577e-02
2.282900266504512936e-03
7.043944350193509507e-04
-2.570734968251197142e-02
-8.643197224319403363e-04
-1.434089206115280596e-03
-2.500914447750774566e-02
2.826538232955986933e-03
7.514313618927443914e-04
-6.452908311533447905e-02
2.411219591492641361e-03
-1.411640689855704709e-03
-6.223954300223047409e-02
1.280054028667049074e-03
-3.588822329819704509e-04
-6.248755249754681107e-02
-1.044014656612524778e-03
9.884279307372097981e-04
-5.688726738236853792e-02
2.163546458370362198e-03
2.875927526076332581e-03
-4.791064894278791036e-02
-5.086423796949174478e-04
2.673398115406995057e-04
-5.393308010725292312e-02
-1.261090365026030103e-03
5.747764855981999299e-04
-6.073586764744461075e-02
-1.077007299304856558e-03
4.638292444337649163e-04
-6.563177364759929799e-02
-1.298040597057678993e-03
1.395820542478167945e-03
-1.370139168423802414e-02
2.335721711084825375e-03
-2.787861006686485985e-04
-1.294517960688747020e-02
3.027267014513640876e-03
1.759979048088923526e-03
-2.217571703692670926e-02
3.705859748860778740e-05
3.944971696441043206e-04
-1.229779668209488031e-02
-1.586488758853378186e-03
1.419973345294720489e-03
-6.277184418235493002e-02
1.940674143076358358e-03
1.048349297617442695e-03
-6.438477773714594565e-02
1.898676200224170760e-03
-4.063939822895878420e-04
-3.587266724345237329e-02
2.293405034320554741e-03
1.166760026801535576e-03
-3.866302680486666948e-02
-7.822031462498760116e-04
4.144177483052766163e-04
-8.323603376586240221e-02
-3.964957408921689227e-04
-6.793435924171146089e-04
-7.320895512288809470e-02
1.443263695603139510e-03
1.567800061425747571e-03
-6.943545347054098926e-02
-8.675940577129723284e-05
1.662904138706219675e-03
-7.598646109454371134e-02
2.441862960799636296e-04
1.360163519177244986e-03
-7.436914098453491218e-02
-7.101278268084158264e-05
2.769628331060782194e-03
-4.240695808047160315e-02
1.957650661856000143e-03
-8.121444407197357662e-04
-3.441074106603113358e-02
-8.667257902761409073e-04
2.698168704389320230e-03
-6.861386742848879505e-02
8.057336853498956418e-04
3.249486433608474428e-03
-3.534697295585390031e-02
1.579645131851498650e-03
6.686144874414336713e-04
-5.209802915192562195e-02
3.092695648538174458e-03
-4.690855161208024537e-04
-3.403054857352813545e-02
2.848421181364256039e-04
4.055751913697061388e-03
-4.053364411423319991e-02
5.854057313718856849e-04
3.776196206903708469e-03
-3.535668825723448094e-02
1.378395196278603050e-04
1.615651642380171692e-03
-2.634306882552384793e-02
3.600330957133474584e-04
6.692720121185932909e-04
-1.033636363004851282e-02
-1.319490571199725092e-03
-6.796057144324941851e-04
-5.999255718408589427e-02
-9.807642018941891554e-04
1.780185315359275253e-03
-4.264339225221515373e-02
-3.036303081147362446e-04
-2.298325067368935885e-03
-4.617309343170439284e-02
1.091398746560043103e-03
-7.879588554053685613e-04
-3.830864791162996025e-02
1.587905417668723090e-03
-2.370440579277261275e-03
-4.510085304727297351e-02
-6.408978910417851421e-04
9.294753345813896398e-04
-9.253929985650324527e-03
-1.013533834616103281e-03
-7.250427539898596577e-04
-4.272046804218394139e-02
6.698910167103567723e-04
3.434344280911935839e-03
-4.769868405561600300e-02
1.652357292157605965e-04
3.209732742307448879e-04
-6.606544811707193432e-02
2.121117916889875277e-03
1.292698102468304298e-04
-8.556902911651971533e-02
1.203708359205370474e-03
2.069149156908986834e-03
-2.262814151449890621e-02
-7.905135544535627726e-04
-3.108818513457946905e-04
-7.862520063207430188e-02
4.570835414719922989e-04
0.000000000000000000e+00
0.000000000000000000e+00
0.000000000000000000e+00
0.000000000000000000e+00
0.000000000000000000e+00
0.000000000000000000e+00
-5.141104503107486734e-04
-1.019454482650813563e-03
3.229523315697640541e-03
0.000000000000000000e+00
0.000000000000000000e+00
0.000000000000000000e+00
0.000000000000000000e+00
0.000000000000000000e+00
0.000000000000000000e+00
-2.603314511212874053e-05
-7.374615399674310304e-04
2.297053127653053781e-03
-8.797842434735135585e-05
-1.217899569156663357e-02
-1.750515511419613486e-03
-1.983922271147008868e-04
-3.596866284581114875e-02
-2.445084173295748991e-03
5.165409865728390598e-04
-1.087818251841503108e-03
3.218409587258096952e-03
1.610700374568201608e-03
-6.783888473303477384e-02
-4.237511277817726735e-04
-9.783775034132827404e-04
-6.840605443258603036e-02
1.482012947324548883e-03
-6.514860310934390787e-04
-7.320773606526756157e-04
2.206189231440790471e-03
6.772090007445851802e-04
-7.732393401286461691e-04
2.150268958484253656e-03
-7.234510435860678698e-04
-1.146105015257486114e-02
-1.760901477278368132e-03
0.000000000000000000e+00
0.000000000000000000e+00
0.000000000000000000e+00
-7.564481108238460365e-04
-1.288775623327212752e-02
2.943192159820351688e-03
1.374316184089253165e-03
-6.941066367083167932e-02
-7.111990559567221443e-04
-1.224394002792125865e-03
-4.879397915140178815e-02
2.543719916634404072e-03
-1.623380710157277824e-03
-3.527014408584928234e-02
2.718667170893482657e-03
1.684029951532848906e-03
-4.945615312766150906e-02
3.623064032128027294e-04
2.971497873326398639e-04
-2.764476792136751071e-02
4.218779712585391493e-03
-8.860943519234699972e-04
-4.602266460503751100e-02
1.018578800800707231e-03
-7.366523438965657047e-04
-1.405638985933987083e-03
4.504134147110851194e-03
1.206729635444986695e-03
-8.700478625131007060e-02
1.076426305189949820e-03
1.078660063902544012e-03
-3.386016448982694105e-02
1.610260297236018427e-03
-1.420940794755826348e-03
-4.383623943574430776e-02
-1.589497667494501991e-03
-1.468925135429000528e-03
-3.373035367976258414e-02
-2.067607266628578543e-03
-1.858182471875039366e-03
-3.354655340561967652e-02
-1.791061804765154298e-03
6.237688995921160991e-04
-5.521985576429155190e-02
-1.146497472205192276e-03
-1.102043224470565866e-03
-5.496158912320073947e-02
1.286836155215364185e-03
-7.944754548046096621e-04
-5.276533954488124567e-02
-1.464160556433645628e-03
6.816618758399109771e-04
-4.648339717808437632e-02
2.054653584172659066e-03
1.013348733977817830e-03
-4.690973444754520383e-02
1.939885231596104407e-03
8.866987686654859710e-04
-8.867953150343255153e-02
8.852501846214552456e-04
7.505779002536563374e-04
-3.770731481309797656e-02
-7.842161692463150025e-04
0.000000000000000000e+00
0.000000000000000000e+00
0.000000000000000000e+00
0.000000000000000000e+00
0.000000000000000000e+00
0.000000000000000000e+00
-6.386377678570433073e-04
-6.219697680740537277e-02
5.164521659540464386e-04
8.326777934681792734e-04
-3.831657216696326279e-02
-7.031103748346841879e-04
1.169209865828775476e-03
-3.514699831979568173e-02
3.722632898475840627e-03
1.026310007202163458e-03
-4.649413105005118646e-02
3.515337797775749430e-03
1.341239856144806454e-03
-4.643488066924894575e-02
2.991620963982803694e-03
-3.237262349815177070e-05
-4.224918168587918355e-02
-7.840067170981808182e-04
1.489522343295336020e-03
-3.569622353607961734e-02
7.790154011727097247e-04
-2.587375095291478966e-03
-3.428266211664503932e-02
-9.574567861330790736e-04
0.000000000000000000e+00
0.000000000000000000e+00
0.000000000000000000e+00
2.449109757992987157e-04
-6.927953587675765579e-02
-1.366125372450418098e-03
-1.227779090350927934e-03
-5.320383543917145408e-02
-1.124574518454281606e-03
1.254975836414618960e-03
-4.621704491637152606e-02
1.708875606377045255e-03
1.798501854534080308e-03
-5.313079100352049999e-02
2.230654600897184758e-03
-1.165651081213226435e-03
-5.226854292147677106e-02
-1.392021854839202259e-03
1.775584803434864835e-03
-7.902433111841861146e-02
2.899241572999075264e-04
2.409664736129432314e-03
-3.852209350286506240e-02
2.299444995556618361e-03
-1.742813479255674600e-04
-7.370163413254557372e-02
-3.121485657653232017e-04
6.046799249331133918e-04
-7.957347422271741910e-02
1.496895750743759083e-03
4.622720743891456764e-04
-7.652733844631538773e-02
-9.906340412261988894e-04
7.138946259387070814e-04
-7.037605645590483405e-02
-1.040127771327177325e-03
5.924376788795383255e-04
-7.400999453462873967e-02
1.809269268693357129e-03
3.560320467912626245e-03
-5.242876546314088199e-02
5.297408678940377855e-04
-2.654055966371603832e-04
-4.497939376925992605e-02
4.903258527113373098e-04
8.987858349671815853e-04
-3.644462599510572137e-02
1.810389730136842184e-03
-1.111233238158119410e-03
-4.459907882378123106e-02
-1.803735017000024539e-03
-1.418225751703984603e-03
-5.877930436759283561e-02
1.507603796834642695e-03
-1.200891558052315667e-03
-3.396802967739792622e-02
-2.321156511579011792e-03
1.827652082580237926e-03
-5.589412896638415451e-02
2.360941371478554162e-04
-2.055675999913597965e-03
-5.182158874264718856e-02
7.954175030258411189e-04
-2.044162438817499240e-03
-5.480995714902353599e-02
4.637972897238953245e-04
2.225267053192391421e-03
-2.361657639768295625e-02
2.174633518844521201e-03
-1.277354576418827676e-03
-2.286142019510845405e-02
-2.233026603141942141e-03
9.749721894373247159e-04
-2.356962860465765253e-02
1.791804040339646260e-03
-4.306820672460476458e-04
-7.677922295301749245e-02
1.281799322884911649e-03
1.513943436148923200e-03
-8.015659113123828339e-02
7.126683584383809061e-05
-1.465646726441194011e-03
-3.887974907666297969e-02
3.008360323616164102e-03
2.610908052211384197e-04
-7.331595097327804622e-02
1.833840236822776226e-03
-2.561116457435092843e-03
-4.349126915964909162e-02
4.655428241392545576e-04
7.294665888445244764e-04
-6.153636787291985599e-02
2.222786310787983922e-03
8.552969655148027301e-04
-6.987751560903755765e-02
1.639725429659157074e-03
2.001879567676119031e-03
-3.040999871169688951e-02
-4.207818960555031887e-04
2.591879136871927478e-03
-3.118418702970736714e-02
2.119824970200229804e-03
-1.624196783540543705e-03
-5.043996639103635188e-02
-9.933657958267510298e-04
-2.269644484170990975e-03
-4.214052881699518333e-02
-1.026526399224197365e-03
1.662609221483598828e-03
-5.040810841121166203e-02
1.525883941496257272e-03
9.147596316702377240e-04
-7.740426343456610625e-02
1.322775262515150669e-03
0.000000000000000000e+00
0.000000000000000000e+00
0.000000000000000000e+00
-2.379696328519745579e-04
-8.091460183194242040e-02
2.780404002509827082e-04
1.550718069969186019e-03
-8.240773071309467901e-02
1.301891969996665788e-03
-2.300805260790010198e-03
-3.814220937630685704e-02
-1.394215827632234094e-03
1.022722025154483528e-03
-4.992572705919963438e-02
-7.776596022599423187e-04
3.030328035523064192e-03
-6.116340182567567979e-02
6.199838669990625530e-04
3.961371632070709997e-03
-4.998971842142185817e-02
8.413790954382600060e-04
-2.944129793994889992e-04
-5.448893224896722565e-02
4.494281735677260899e-04
-2.596792570195747066e-03
-2.356074971026982448e-02
-8.025348517111574771e-04
1.588110917700467049e-03
-3.231438496534309868e-02
1.983219189518513825e-04
1.622534983054900199e-03
-7.991475411067920642e-02
1.268627327087257055e-03
-5.420383039729314645e-05
-3.546508041224788466e-02
1.791643250868985840e-04
1.517040259577643333e-03
-4.304090919830727557e-02
1.084853184182740880e-03
5.902806962292477498e-04
-3.643000352150346094e-02
1.824507949981881740e-03
1.859042384367988595e-03
-7.862584793855534326e-02
1.039098083129693468e-03
4.296415505163276270e-03
-3.761246942324830006e-02
7.461745875789661158e-04
1.706683099206209074e-03
-2.535043082826238942e-02
5.611880025670697202e-04
-9.284373165689597954e-04
-5.228535054910105062e-02
9.372971696301351553e-04
1.788717412632815393e-04
-4.637177994324465091e-02
-7.725732969586341465e-04
-6.024420990225591577e-04
-5.307600640773322415e-02
5.554405756011992264e-04
2.778954959324808974e-03
-5.915746067160672361e-02
2.555928153882800228e-04
-2.754856317754835436e-03
-3.121337905983424810e-02
5.067172642083116489e-04
1.329851799991534555e-03
-4.227570082474082364e-02
1.481011620447810276e-03
-9.467292006073131996e-04
-6.523911260129607037e-02
1.495206654846898070e-03
1.893856661684979129e-03
-2.768169298259920419e-02
-1.646244280756120008e-04
1.767392915346476141e-03
-4.390877035016466090e-02
1.210436064728021265e-04
-2.958006540048511773e-04
-3.865457423852847879e-02
1.575933581473333307e-04
5.976180775492343509e-04
-3.760743929711751754e-02
4.291000143242869498e-03
1.781564347842951729e-03
-3.758076235440221957e-02
9.094794511316078641e-06
1.892889240313979900e-03
-6.157830006979973098e-02
-3.495592023741053126e-04
-2.398217517418544141e-05
-4.611075358177316175e-02
4.134917005277320571e-04
-7.963425119298680847e-04
-6.209661098548923536e-02
8.043872251169992011e-04
-2.455458464747163269e-03
-3.998453052241188188e-02
8.525217915555734390e-04
-2.335522081974498402e-03
-3.235492514891245841e-02
9.664370217561956983e-04
2.192850859642516987e-03
-3.127565299008942118e-02
2.505767475830329889e-03
-7.112406162709231008e-04
-2.584865645305965687e-02
-1.054255702269298088e-03
9.272323307209538257e-04
-6.545381766284971703e-02
-1.052107307486552755e-03
-1.940390694702370886e-03
-4.131632996252604384e-02
-1.627021200752358943e-03
1.122655234474453380e-04
-2.404537408927493944e-02
-5.371952018321028656e-04
1.431534755514654513e-04
-4.020793143904716205e-02
-3.017179700802031898e-04
0.000000000000000000e+00
0.000000000000000000e+00
0.000000000000000000e+00
0.000000000000000000e+00
0.000000000000000000e+00
0.000000000000000000e+00
0.000000000000000000e+00
0.000000000000000000e+00
0.000000000000000000e+00
0.000000000000000000e+00
0.000000000000000000e+00
0.000000000000000000e+00
